0.000000 0.000000 0.000000 
0.866025 0.500000 0.000000 
1.000000 0.000000 0.000000 
1.000000 0.000000 0.000000 
0.866025 0.500000 0.000000 
0.829941 0.479167 0.041667 
0.829941 0.479167 0.041667 
0.958333 0.000000 0.041667 
1.000000 0.000000 0.000000 
0.958333 0.000000 0.041667 
0.829941 0.479167 0.041667 
0.793857 0.458333 0.083333 
0.793857 0.458333 0.083333 
0.916667 0.000000 0.083333 
0.958333 0.000000 0.041667 
0.916667 0.000000 0.083333 
0.793857 0.458333 0.083333 
0.757772 0.437500 0.125000 
0.757772 0.437500 0.125000 
0.875000 0.000000 0.125000 
0.916667 0.000000 0.083333 
0.875000 0.000000 0.125000 
0.757772 0.437500 0.125000 
0.721688 0.416667 0.166667 
0.721688 0.416667 0.166667 
0.833333 0.000000 0.166667 
0.875000 0.000000 0.125000 
0.833333 0.000000 0.166667 
0.721688 0.416667 0.166667 
0.685603 0.395833 0.208333 
0.685603 0.395833 0.208333 
0.791667 0.000000 0.208333 
0.833333 0.000000 0.166667 
0.791667 0.000000 0.208333 
0.685603 0.395833 0.208333 
0.649519 0.375000 0.250000 
0.649519 0.375000 0.250000 
0.750000 0.000000 0.250000 
0.791667 0.000000 0.208333 
0.750000 0.000000 0.250000 
0.649519 0.375000 0.250000 
0.613435 0.354167 0.291667 
0.613435 0.354167 0.291667 
0.708333 0.000000 0.291667 
0.750000 0.000000 0.250000 
0.708333 0.000000 0.291667 
0.613435 0.354167 0.291667 
0.577350 0.333333 0.333333 
0.577350 0.333333 0.333333 
0.666667 0.000000 0.333333 
0.708333 0.000000 0.291667 
0.666667 0.000000 0.333333 
0.577350 0.333333 0.333333 
0.541266 0.312500 0.375000 
0.541266 0.312500 0.375000 
0.625000 0.000000 0.375000 
0.666667 0.000000 0.333333 
0.625000 0.000000 0.375000 
0.541266 0.312500 0.375000 
0.505182 0.291667 0.416667 
0.505182 0.291667 0.416667 
0.583333 0.000000 0.416667 
0.625000 0.000000 0.375000 
0.583333 0.000000 0.416667 
0.505182 0.291667 0.416667 
0.469097 0.270833 0.458333 
0.469097 0.270833 0.458333 
0.541667 0.000000 0.458333 
0.583333 0.000000 0.416667 
0.541667 0.000000 0.458333 
0.469097 0.270833 0.458333 
0.433013 0.250000 0.500000 
0.433013 0.250000 0.500000 
0.500000 0.000000 0.500000 
0.541667 0.000000 0.458333 
0.500000 0.000000 0.500000 
0.433013 0.250000 0.500000 
0.396928 0.229167 0.541667 
0.396928 0.229167 0.541667 
0.458333 0.000000 0.541667 
0.500000 0.000000 0.500000 
0.458333 0.000000 0.541667 
0.396928 0.229167 0.541667 
0.360844 0.208333 0.583333 
0.360844 0.208333 0.583333 
0.416667 0.000000 0.583333 
0.458333 0.000000 0.541667 
0.416667 0.000000 0.583333 
0.360844 0.208333 0.583333 
0.324760 0.187500 0.625000 
0.324760 0.187500 0.625000 
0.375000 0.000000 0.625000 
0.416667 0.000000 0.583333 
0.375000 0.000000 0.625000 
0.324760 0.187500 0.625000 
0.288675 0.166667 0.666667 
0.288675 0.166667 0.666667 
0.333333 0.000000 0.666667 
0.375000 0.000000 0.625000 
0.333333 0.000000 0.666667 
0.288675 0.166667 0.666667 
0.252591 0.145833 0.708333 
0.252591 0.145833 0.708333 
0.291667 0.000000 0.708333 
0.333333 0.000000 0.666667 
0.291667 0.000000 0.708333 
0.252591 0.145833 0.708333 
0.216506 0.125000 0.750000 
0.216506 0.125000 0.750000 
0.250000 0.000000 0.750000 
0.291667 0.000000 0.708333 
0.250000 0.000000 0.750000 
0.216506 0.125000 0.750000 
0.180422 0.104167 0.791667 
0.180422 0.104167 0.791667 
0.208333 0.000000 0.791667 
0.250000 0.000000 0.750000 
0.208333 0.000000 0.791667 
0.180422 0.104167 0.791667 
0.144338 0.083333 0.833333 
0.144338 0.083333 0.833333 
0.166667 0.000000 0.833333 
0.208333 0.000000 0.791667 
0.166667 0.000000 0.833333 
0.144338 0.083333 0.833333 
0.108253 0.062500 0.875000 
0.108253 0.062500 0.875000 
0.125000 0.000000 0.875000 
0.166667 0.000000 0.833333 
0.125000 0.000000 0.875000 
0.108253 0.062500 0.875000 
0.072169 0.041667 0.916667 
0.072169 0.041667 0.916667 
0.083333 0.000000 0.916667 
0.125000 0.000000 0.875000 
0.083333 0.000000 0.916667 
0.072169 0.041667 0.916667 
0.036084 0.020833 0.958333 
0.036084 0.020833 0.958333 
0.041667 0.000000 0.958333 
0.083333 0.000000 0.916667 
0.041667 0.000000 0.958333 
0.036084 0.020833 0.958333 
0.000000 0.000000 1.000000 
0.000000 0.000000 0.000000 
0.500000 0.866025 0.000000 
0.866025 0.500000 0.000000 
0.866025 0.500000 0.000000 
0.500000 0.866025 0.000000 
0.479167 0.829941 0.041667 
0.479167 0.829941 0.041667 
0.829941 0.479167 0.041667 
0.866025 0.500000 0.000000 
0.829941 0.479167 0.041667 
0.479167 0.829941 0.041667 
0.458333 0.793857 0.083333 
0.458333 0.793857 0.083333 
0.793857 0.458333 0.083333 
0.829941 0.479167 0.041667 
0.793857 0.458333 0.083333 
0.458333 0.793857 0.083333 
0.437500 0.757772 0.125000 
0.437500 0.757772 0.125000 
0.757772 0.437500 0.125000 
0.793857 0.458333 0.083333 
0.757772 0.437500 0.125000 
0.437500 0.757772 0.125000 
0.416667 0.721688 0.166667 
0.416667 0.721688 0.166667 
0.721688 0.416667 0.166667 
0.757772 0.437500 0.125000 
0.721688 0.416667 0.166667 
0.416667 0.721688 0.166667 
0.395833 0.685603 0.208333 
0.395833 0.685603 0.208333 
0.685603 0.395833 0.208333 
0.721688 0.416667 0.166667 
0.685603 0.395833 0.208333 
0.395833 0.685603 0.208333 
0.375000 0.649519 0.250000 
0.375000 0.649519 0.250000 
0.649519 0.375000 0.250000 
0.685603 0.395833 0.208333 
0.649519 0.375000 0.250000 
0.375000 0.649519 0.250000 
0.354167 0.613435 0.291667 
0.354167 0.613435 0.291667 
0.613435 0.354167 0.291667 
0.649519 0.375000 0.250000 
0.613435 0.354167 0.291667 
0.354167 0.613435 0.291667 
0.333333 0.577350 0.333333 
0.333333 0.577350 0.333333 
0.577350 0.333333 0.333333 
0.613435 0.354167 0.291667 
0.577350 0.333333 0.333333 
0.333333 0.577350 0.333333 
0.312500 0.541266 0.375000 
0.312500 0.541266 0.375000 
0.541266 0.312500 0.375000 
0.577350 0.333333 0.333333 
0.541266 0.312500 0.375000 
0.312500 0.541266 0.375000 
0.291667 0.505182 0.416667 
0.291667 0.505182 0.416667 
0.505182 0.291667 0.416667 
0.541266 0.312500 0.375000 
0.505182 0.291667 0.416667 
0.291667 0.505182 0.416667 
0.270833 0.469097 0.458333 
0.270833 0.469097 0.458333 
0.469097 0.270833 0.458333 
0.505182 0.291667 0.416667 
0.469097 0.270833 0.458333 
0.270833 0.469097 0.458333 
0.250000 0.433013 0.500000 
0.250000 0.433013 0.500000 
0.433013 0.250000 0.500000 
0.469097 0.270833 0.458333 
0.433013 0.250000 0.500000 
0.250000 0.433013 0.500000 
0.229167 0.396928 0.541667 
0.229167 0.396928 0.541667 
0.396928 0.229167 0.541667 
0.433013 0.250000 0.500000 
0.396928 0.229167 0.541667 
0.229167 0.396928 0.541667 
0.208333 0.360844 0.583333 
0.208333 0.360844 0.583333 
0.360844 0.208333 0.583333 
0.396928 0.229167 0.541667 
0.360844 0.208333 0.583333 
0.208333 0.360844 0.583333 
0.187500 0.324760 0.625000 
0.187500 0.324760 0.625000 
0.324760 0.187500 0.625000 
0.360844 0.208333 0.583333 
0.324760 0.187500 0.625000 
0.187500 0.324760 0.625000 
0.166667 0.288675 0.666667 
0.166667 0.288675 0.666667 
0.288675 0.166667 0.666667 
0.324760 0.187500 0.625000 
0.288675 0.166667 0.666667 
0.166667 0.288675 0.666667 
0.145833 0.252591 0.708333 
0.145833 0.252591 0.708333 
0.252591 0.145833 0.708333 
0.288675 0.166667 0.666667 
0.252591 0.145833 0.708333 
0.145833 0.252591 0.708333 
0.125000 0.216506 0.750000 
0.125000 0.216506 0.750000 
0.216506 0.125000 0.750000 
0.252591 0.145833 0.708333 
0.216506 0.125000 0.750000 
0.125000 0.216506 0.750000 
0.104167 0.180422 0.791667 
0.104167 0.180422 0.791667 
0.180422 0.104167 0.791667 
0.216506 0.125000 0.750000 
0.180422 0.104167 0.791667 
0.104167 0.180422 0.791667 
0.083333 0.144338 0.833333 
0.083333 0.144338 0.833333 
0.144338 0.083333 0.833333 
0.180422 0.104167 0.791667 
0.144338 0.083333 0.833333 
0.083333 0.144338 0.833333 
0.062500 0.108253 0.875000 
0.062500 0.108253 0.875000 
0.108253 0.062500 0.875000 
0.144338 0.083333 0.833333 
0.108253 0.062500 0.875000 
0.062500 0.108253 0.875000 
0.041667 0.072169 0.916667 
0.041667 0.072169 0.916667 
0.072169 0.041667 0.916667 
0.108253 0.062500 0.875000 
0.072169 0.041667 0.916667 
0.041667 0.072169 0.916667 
0.020833 0.036084 0.958333 
0.020833 0.036084 0.958333 
0.036084 0.020833 0.958333 
0.072169 0.041667 0.916667 
0.036084 0.020833 0.958333 
0.020833 0.036084 0.958333 
0.000000 0.000000 1.000000 
0.000000 0.000000 0.000000 
-0.000000 1.000000 0.000000 
0.500000 0.866025 0.000000 
0.500000 0.866025 0.000000 
-0.000000 1.000000 0.000000 
-0.000000 0.958333 0.041667 
-0.000000 0.958333 0.041667 
0.479167 0.829941 0.041667 
0.500000 0.866025 0.000000 
0.479167 0.829941 0.041667 
-0.000000 0.958333 0.041667 
-0.000000 0.916667 0.083333 
-0.000000 0.916667 0.083333 
0.458333 0.793857 0.083333 
0.479167 0.829941 0.041667 
0.458333 0.793857 0.083333 
-0.000000 0.916667 0.083333 
-0.000000 0.875000 0.125000 
-0.000000 0.875000 0.125000 
0.437500 0.757772 0.125000 
0.458333 0.793857 0.083333 
0.437500 0.757772 0.125000 
-0.000000 0.875000 0.125000 
-0.000000 0.833333 0.166667 
-0.000000 0.833333 0.166667 
0.416667 0.721688 0.166667 
0.437500 0.757772 0.125000 
0.416667 0.721688 0.166667 
-0.000000 0.833333 0.166667 
-0.000000 0.791667 0.208333 
-0.000000 0.791667 0.208333 
0.395833 0.685603 0.208333 
0.416667 0.721688 0.166667 
0.395833 0.685603 0.208333 
-0.000000 0.791667 0.208333 
-0.000000 0.750000 0.250000 
-0.000000 0.750000 0.250000 
0.375000 0.649519 0.250000 
0.395833 0.685603 0.208333 
0.375000 0.649519 0.250000 
-0.000000 0.750000 0.250000 
-0.000000 0.708333 0.291667 
-0.000000 0.708333 0.291667 
0.354167 0.613435 0.291667 
0.375000 0.649519 0.250000 
0.354167 0.613435 0.291667 
-0.000000 0.708333 0.291667 
-0.000000 0.666667 0.333333 
-0.000000 0.666667 0.333333 
0.333333 0.577350 0.333333 
0.354167 0.613435 0.291667 
0.333333 0.577350 0.333333 
-0.000000 0.666667 0.333333 
-0.000000 0.625000 0.375000 
-0.000000 0.625000 0.375000 
0.312500 0.541266 0.375000 
0.333333 0.577350 0.333333 
0.312500 0.541266 0.375000 
-0.000000 0.625000 0.375000 
-0.000000 0.583333 0.416667 
-0.000000 0.583333 0.416667 
0.291667 0.505182 0.416667 
0.312500 0.541266 0.375000 
0.291667 0.505182 0.416667 
-0.000000 0.583333 0.416667 
-0.000000 0.541667 0.458333 
-0.000000 0.541667 0.458333 
0.270833 0.469097 0.458333 
0.291667 0.505182 0.416667 
0.270833 0.469097 0.458333 
-0.000000 0.541667 0.458333 
-0.000000 0.500000 0.500000 
-0.000000 0.500000 0.500000 
0.250000 0.433013 0.500000 
0.270833 0.469097 0.458333 
0.250000 0.433013 0.500000 
-0.000000 0.500000 0.500000 
-0.000000 0.458333 0.541667 
-0.000000 0.458333 0.541667 
0.229167 0.396928 0.541667 
0.250000 0.433013 0.500000 
0.229167 0.396928 0.541667 
-0.000000 0.458333 0.541667 
-0.000000 0.416667 0.583333 
-0.000000 0.416667 0.583333 
0.208333 0.360844 0.583333 
0.229167 0.396928 0.541667 
0.208333 0.360844 0.583333 
-0.000000 0.416667 0.583333 
-0.000000 0.375000 0.625000 
-0.000000 0.375000 0.625000 
0.187500 0.324760 0.625000 
0.208333 0.360844 0.583333 
0.187500 0.324760 0.625000 
-0.000000 0.375000 0.625000 
-0.000000 0.333333 0.666667 
-0.000000 0.333333 0.666667 
0.166667 0.288675 0.666667 
0.187500 0.324760 0.625000 
0.166667 0.288675 0.666667 
-0.000000 0.333333 0.666667 
-0.000000 0.291667 0.708333 
-0.000000 0.291667 0.708333 
0.145833 0.252591 0.708333 
0.166667 0.288675 0.666667 
0.145833 0.252591 0.708333 
-0.000000 0.291667 0.708333 
-0.000000 0.250000 0.750000 
-0.000000 0.250000 0.750000 
0.125000 0.216506 0.750000 
0.145833 0.252591 0.708333 
0.125000 0.216506 0.750000 
-0.000000 0.250000 0.750000 
-0.000000 0.208333 0.791667 
-0.000000 0.208333 0.791667 
0.104167 0.180422 0.791667 
0.125000 0.216506 0.750000 
0.104167 0.180422 0.791667 
-0.000000 0.208333 0.791667 
-0.000000 0.166667 0.833333 
-0.000000 0.166667 0.833333 
0.083333 0.144338 0.833333 
0.104167 0.180422 0.791667 
0.083333 0.144338 0.833333 
-0.000000 0.166667 0.833333 
-0.000000 0.125000 0.875000 
-0.000000 0.125000 0.875000 
0.062500 0.108253 0.875000 
0.083333 0.144338 0.833333 
0.062500 0.108253 0.875000 
-0.000000 0.125000 0.875000 
-0.000000 0.083333 0.916667 
-0.000000 0.083333 0.916667 
0.041667 0.072169 0.916667 
0.062500 0.108253 0.875000 
0.041667 0.072169 0.916667 
-0.000000 0.083333 0.916667 
-0.000000 0.041667 0.958333 
-0.000000 0.041667 0.958333 
0.020833 0.036084 0.958333 
0.041667 0.072169 0.916667 
0.020833 0.036084 0.958333 
-0.000000 0.041667 0.958333 
0.000000 0.000000 1.000000 
0.000000 0.000000 0.000000 
-0.500000 0.866025 0.000000 
-0.000000 1.000000 0.000000 
-0.000000 1.000000 0.000000 
-0.500000 0.866025 0.000000 
-0.479167 0.829941 0.041667 
-0.479167 0.829941 0.041667 
-0.000000 0.958333 0.041667 
-0.000000 1.000000 0.000000 
-0.000000 0.958333 0.041667 
-0.479167 0.829941 0.041667 
-0.458333 0.793857 0.083333 
-0.458333 0.793857 0.083333 
-0.000000 0.916667 0.083333 
-0.000000 0.958333 0.041667 
-0.000000 0.916667 0.083333 
-0.458333 0.793857 0.083333 
-0.437500 0.757772 0.125000 
-0.437500 0.757772 0.125000 
-0.000000 0.875000 0.125000 
-0.000000 0.916667 0.083333 
-0.000000 0.875000 0.125000 
-0.437500 0.757772 0.125000 
-0.416667 0.721688 0.166667 
-0.416667 0.721688 0.166667 
-0.000000 0.833333 0.166667 
-0.000000 0.875000 0.125000 
-0.000000 0.833333 0.166667 
-0.416667 0.721688 0.166667 
-0.395833 0.685603 0.208333 
-0.395833 0.685603 0.208333 
-0.000000 0.791667 0.208333 
-0.000000 0.833333 0.166667 
-0.000000 0.791667 0.208333 
-0.395833 0.685603 0.208333 
-0.375000 0.649519 0.250000 
-0.375000 0.649519 0.250000 
-0.000000 0.750000 0.250000 
-0.000000 0.791667 0.208333 
-0.000000 0.750000 0.250000 
-0.375000 0.649519 0.250000 
-0.354167 0.613435 0.291667 
-0.354167 0.613435 0.291667 
-0.000000 0.708333 0.291667 
-0.000000 0.750000 0.250000 
-0.000000 0.708333 0.291667 
-0.354167 0.613435 0.291667 
-0.333333 0.577350 0.333333 
-0.333333 0.577350 0.333333 
-0.000000 0.666667 0.333333 
-0.000000 0.708333 0.291667 
-0.000000 0.666667 0.333333 
-0.333333 0.577350 0.333333 
-0.312500 0.541266 0.375000 
-0.312500 0.541266 0.375000 
-0.000000 0.625000 0.375000 
-0.000000 0.666667 0.333333 
-0.000000 0.625000 0.375000 
-0.312500 0.541266 0.375000 
-0.291667 0.505182 0.416667 
-0.291667 0.505182 0.416667 
-0.000000 0.583333 0.416667 
-0.000000 0.625000 0.375000 
-0.000000 0.583333 0.416667 
-0.291667 0.505182 0.416667 
-0.270833 0.469097 0.458333 
-0.270833 0.469097 0.458333 
-0.000000 0.541667 0.458333 
-0.000000 0.583333 0.416667 
-0.000000 0.541667 0.458333 
-0.270833 0.469097 0.458333 
-0.250000 0.433013 0.500000 
-0.250000 0.433013 0.500000 
-0.000000 0.500000 0.500000 
-0.000000 0.541667 0.458333 
-0.000000 0.500000 0.500000 
-0.250000 0.433013 0.500000 
-0.229167 0.396928 0.541667 
-0.229167 0.396928 0.541667 
-0.000000 0.458333 0.541667 
-0.000000 0.500000 0.500000 
-0.000000 0.458333 0.541667 
-0.229167 0.396928 0.541667 
-0.208333 0.360844 0.583333 
-0.208333 0.360844 0.583333 
-0.000000 0.416667 0.583333 
-0.000000 0.458333 0.541667 
-0.000000 0.416667 0.583333 
-0.208333 0.360844 0.583333 
-0.187500 0.324760 0.625000 
-0.187500 0.324760 0.625000 
-0.000000 0.375000 0.625000 
-0.000000 0.416667 0.583333 
-0.000000 0.375000 0.625000 
-0.187500 0.324760 0.625000 
-0.166667 0.288675 0.666667 
-0.166667 0.288675 0.666667 
-0.000000 0.333333 0.666667 
-0.000000 0.375000 0.625000 
-0.000000 0.333333 0.666667 
-0.166667 0.288675 0.666667 
-0.145833 0.252591 0.708333 
-0.145833 0.252591 0.708333 
-0.000000 0.291667 0.708333 
-0.000000 0.333333 0.666667 
-0.000000 0.291667 0.708333 
-0.145833 0.252591 0.708333 
-0.125000 0.216506 0.750000 
-0.125000 0.216506 0.750000 
-0.000000 0.250000 0.750000 
-0.000000 0.291667 0.708333 
-0.000000 0.250000 0.750000 
-0.125000 0.216506 0.750000 
-0.104167 0.180422 0.791667 
-0.104167 0.180422 0.791667 
-0.000000 0.208333 0.791667 
-0.000000 0.250000 0.750000 
-0.000000 0.208333 0.791667 
-0.104167 0.180422 0.791667 
-0.083333 0.144338 0.833333 
-0.083333 0.144338 0.833333 
-0.000000 0.166667 0.833333 
-0.000000 0.208333 0.791667 
-0.000000 0.166667 0.833333 
-0.083333 0.144338 0.833333 
-0.062500 0.108253 0.875000 
-0.062500 0.108253 0.875000 
-0.000000 0.125000 0.875000 
-0.000000 0.166667 0.833333 
-0.000000 0.125000 0.875000 
-0.062500 0.108253 0.875000 
-0.041667 0.072169 0.916667 
-0.041667 0.072169 0.916667 
-0.000000 0.083333 0.916667 
-0.000000 0.125000 0.875000 
-0.000000 0.083333 0.916667 
-0.041667 0.072169 0.916667 
-0.020833 0.036084 0.958333 
-0.020833 0.036084 0.958333 
-0.000000 0.041667 0.958333 
-0.000000 0.083333 0.916667 
-0.000000 0.041667 0.958333 
-0.020833 0.036084 0.958333 
0.000000 0.000000 1.000000 
0.000000 0.000000 0.000000 
-0.866025 0.500000 0.000000 
-0.500000 0.866025 0.000000 
-0.500000 0.866025 0.000000 
-0.866025 0.500000 0.000000 
-0.829941 0.479167 0.041667 
-0.829941 0.479167 0.041667 
-0.479167 0.829941 0.041667 
-0.500000 0.866025 0.000000 
-0.479167 0.829941 0.041667 
-0.829941 0.479167 0.041667 
-0.793857 0.458333 0.083333 
-0.793857 0.458333 0.083333 
-0.458333 0.793857 0.083333 
-0.479167 0.829941 0.041667 
-0.458333 0.793857 0.083333 
-0.793857 0.458333 0.083333 
-0.757772 0.437500 0.125000 
-0.757772 0.437500 0.125000 
-0.437500 0.757772 0.125000 
-0.458333 0.793857 0.083333 
-0.437500 0.757772 0.125000 
-0.757772 0.437500 0.125000 
-0.721688 0.416667 0.166667 
-0.721688 0.416667 0.166667 
-0.416667 0.721688 0.166667 
-0.437500 0.757772 0.125000 
-0.416667 0.721688 0.166667 
-0.721688 0.416667 0.166667 
-0.685603 0.395833 0.208333 
-0.685603 0.395833 0.208333 
-0.395833 0.685603 0.208333 
-0.416667 0.721688 0.166667 
-0.395833 0.685603 0.208333 
-0.685603 0.395833 0.208333 
-0.649519 0.375000 0.250000 
-0.649519 0.375000 0.250000 
-0.375000 0.649519 0.250000 
-0.395833 0.685603 0.208333 
-0.375000 0.649519 0.250000 
-0.649519 0.375000 0.250000 
-0.613435 0.354167 0.291667 
-0.613435 0.354167 0.291667 
-0.354167 0.613435 0.291667 
-0.375000 0.649519 0.250000 
-0.354167 0.613435 0.291667 
-0.613435 0.354167 0.291667 
-0.577350 0.333333 0.333333 
-0.577350 0.333333 0.333333 
-0.333333 0.577350 0.333333 
-0.354167 0.613435 0.291667 
-0.333333 0.577350 0.333333 
-0.577350 0.333333 0.333333 
-0.541266 0.312500 0.375000 
-0.541266 0.312500 0.375000 
-0.312500 0.541266 0.375000 
-0.333333 0.577350 0.333333 
-0.312500 0.541266 0.375000 
-0.541266 0.312500 0.375000 
-0.505182 0.291667 0.416667 
-0.505182 0.291667 0.416667 
-0.291667 0.505182 0.416667 
-0.312500 0.541266 0.375000 
-0.291667 0.505182 0.416667 
-0.505182 0.291667 0.416667 
-0.469097 0.270833 0.458333 
-0.469097 0.270833 0.458333 
-0.270833 0.469097 0.458333 
-0.291667 0.505182 0.416667 
-0.270833 0.469097 0.458333 
-0.469097 0.270833 0.458333 
-0.433013 0.250000 0.500000 
-0.433013 0.250000 0.500000 
-0.250000 0.433013 0.500000 
-0.270833 0.469097 0.458333 
-0.250000 0.433013 0.500000 
-0.433013 0.250000 0.500000 
-0.396928 0.229167 0.541667 
-0.396928 0.229167 0.541667 
-0.229167 0.396928 0.541667 
-0.250000 0.433013 0.500000 
-0.229167 0.396928 0.541667 
-0.396928 0.229167 0.541667 
-0.360844 0.208333 0.583333 
-0.360844 0.208333 0.583333 
-0.208333 0.360844 0.583333 
-0.229167 0.396928 0.541667 
-0.208333 0.360844 0.583333 
-0.360844 0.208333 0.583333 
-0.324760 0.187500 0.625000 
-0.324760 0.187500 0.625000 
-0.187500 0.324760 0.625000 
-0.208333 0.360844 0.583333 
-0.187500 0.324760 0.625000 
-0.324760 0.187500 0.625000 
-0.288675 0.166667 0.666667 
-0.288675 0.166667 0.666667 
-0.166667 0.288675 0.666667 
-0.187500 0.324760 0.625000 
-0.166667 0.288675 0.666667 
-0.288675 0.166667 0.666667 
-0.252591 0.145833 0.708333 
-0.252591 0.145833 0.708333 
-0.145833 0.252591 0.708333 
-0.166667 0.288675 0.666667 
-0.145833 0.252591 0.708333 
-0.252591 0.145833 0.708333 
-0.216506 0.125000 0.750000 
-0.216506 0.125000 0.750000 
-0.125000 0.216506 0.750000 
-0.145833 0.252591 0.708333 
-0.125000 0.216506 0.750000 
-0.216506 0.125000 0.750000 
-0.180422 0.104167 0.791667 
-0.180422 0.104167 0.791667 
-0.104167 0.180422 0.791667 
-0.125000 0.216506 0.750000 
-0.104167 0.180422 0.791667 
-0.180422 0.104167 0.791667 
-0.144338 0.083333 0.833333 
-0.144338 0.083333 0.833333 
-0.083333 0.144338 0.833333 
-0.104167 0.180422 0.791667 
-0.083333 0.144338 0.833333 
-0.144338 0.083333 0.833333 
-0.108253 0.062500 0.875000 
-0.108253 0.062500 0.875000 
-0.062500 0.108253 0.875000 
-0.083333 0.144338 0.833333 
-0.062500 0.108253 0.875000 
-0.108253 0.062500 0.875000 
-0.072169 0.041667 0.916667 
-0.072169 0.041667 0.916667 
-0.041667 0.072169 0.916667 
-0.062500 0.108253 0.875000 
-0.041667 0.072169 0.916667 
-0.072169 0.041667 0.916667 
-0.036084 0.020833 0.958333 
-0.036084 0.020833 0.958333 
-0.020833 0.036084 0.958333 
-0.041667 0.072169 0.916667 
-0.020833 0.036084 0.958333 
-0.036084 0.020833 0.958333 
0.000000 0.000000 1.000000 
0.000000 0.000000 0.000000 
-1.000000 -0.000000 0.000000 
-0.866025 0.500000 0.000000 
-0.866025 0.500000 0.000000 
-1.000000 -0.000000 0.000000 
-0.958333 -0.000000 0.041667 
-0.958333 -0.000000 0.041667 
-0.829941 0.479167 0.041667 
-0.866025 0.500000 0.000000 
-0.829941 0.479167 0.041667 
-0.958333 -0.000000 0.041667 
-0.916667 -0.000000 0.083333 
-0.916667 -0.000000 0.083333 
-0.793857 0.458333 0.083333 
-0.829941 0.479167 0.041667 
-0.793857 0.458333 0.083333 
-0.916667 -0.000000 0.083333 
-0.875000 -0.000000 0.125000 
-0.875000 -0.000000 0.125000 
-0.757772 0.437500 0.125000 
-0.793857 0.458333 0.083333 
-0.757772 0.437500 0.125000 
-0.875000 -0.000000 0.125000 
-0.833333 -0.000000 0.166667 
-0.833333 -0.000000 0.166667 
-0.721688 0.416667 0.166667 
-0.757772 0.437500 0.125000 
-0.721688 0.416667 0.166667 
-0.833333 -0.000000 0.166667 
-0.791667 -0.000000 0.208333 
-0.791667 -0.000000 0.208333 
-0.685603 0.395833 0.208333 
-0.721688 0.416667 0.166667 
-0.685603 0.395833 0.208333 
-0.791667 -0.000000 0.208333 
-0.750000 -0.000000 0.250000 
-0.750000 -0.000000 0.250000 
-0.649519 0.375000 0.250000 
-0.685603 0.395833 0.208333 
-0.649519 0.375000 0.250000 
-0.750000 -0.000000 0.250000 
-0.708333 -0.000000 0.291667 
-0.708333 -0.000000 0.291667 
-0.613435 0.354167 0.291667 
-0.649519 0.375000 0.250000 
-0.613435 0.354167 0.291667 
-0.708333 -0.000000 0.291667 
-0.666667 -0.000000 0.333333 
-0.666667 -0.000000 0.333333 
-0.577350 0.333333 0.333333 
-0.613435 0.354167 0.291667 
-0.577350 0.333333 0.333333 
-0.666667 -0.000000 0.333333 
-0.625000 -0.000000 0.375000 
-0.625000 -0.000000 0.375000 
-0.541266 0.312500 0.375000 
-0.577350 0.333333 0.333333 
-0.541266 0.312500 0.375000 
-0.625000 -0.000000 0.375000 
-0.583333 -0.000000 0.416667 
-0.583333 -0.000000 0.416667 
-0.505182 0.291667 0.416667 
-0.541266 0.312500 0.375000 
-0.505182 0.291667 0.416667 
-0.583333 -0.000000 0.416667 
-0.541667 -0.000000 0.458333 
-0.541667 -0.000000 0.458333 
-0.469097 0.270833 0.458333 
-0.505182 0.291667 0.416667 
-0.469097 0.270833 0.458333 
-0.541667 -0.000000 0.458333 
-0.500000 -0.000000 0.500000 
-0.500000 -0.000000 0.500000 
-0.433013 0.250000 0.500000 
-0.469097 0.270833 0.458333 
-0.433013 0.250000 0.500000 
-0.500000 -0.000000 0.500000 
-0.458333 -0.000000 0.541667 
-0.458333 -0.000000 0.541667 
-0.396928 0.229167 0.541667 
-0.433013 0.250000 0.500000 
-0.396928 0.229167 0.541667 
-0.458333 -0.000000 0.541667 
-0.416667 -0.000000 0.583333 
-0.416667 -0.000000 0.583333 
-0.360844 0.208333 0.583333 
-0.396928 0.229167 0.541667 
-0.360844 0.208333 0.583333 
-0.416667 -0.000000 0.583333 
-0.375000 -0.000000 0.625000 
-0.375000 -0.000000 0.625000 
-0.324760 0.187500 0.625000 
-0.360844 0.208333 0.583333 
-0.324760 0.187500 0.625000 
-0.375000 -0.000000 0.625000 
-0.333333 -0.000000 0.666667 
-0.333333 -0.000000 0.666667 
-0.288675 0.166667 0.666667 
-0.324760 0.187500 0.625000 
-0.288675 0.166667 0.666667 
-0.333333 -0.000000 0.666667 
-0.291667 -0.000000 0.708333 
-0.291667 -0.000000 0.708333 
-0.252591 0.145833 0.708333 
-0.288675 0.166667 0.666667 
-0.252591 0.145833 0.708333 
-0.291667 -0.000000 0.708333 
-0.250000 -0.000000 0.750000 
-0.250000 -0.000000 0.750000 
-0.216506 0.125000 0.750000 
-0.252591 0.145833 0.708333 
-0.216506 0.125000 0.750000 
-0.250000 -0.000000 0.750000 
-0.208333 -0.000000 0.791667 
-0.208333 -0.000000 0.791667 
-0.180422 0.104167 0.791667 
-0.216506 0.125000 0.750000 
-0.180422 0.104167 0.791667 
-0.208333 -0.000000 0.791667 
-0.166667 -0.000000 0.833333 
-0.166667 -0.000000 0.833333 
-0.144338 0.083333 0.833333 
-0.180422 0.104167 0.791667 
-0.144338 0.083333 0.833333 
-0.166667 -0.000000 0.833333 
-0.125000 -0.000000 0.875000 
-0.125000 -0.000000 0.875000 
-0.108253 0.062500 0.875000 
-0.144338 0.083333 0.833333 
-0.108253 0.062500 0.875000 
-0.125000 -0.000000 0.875000 
-0.083333 -0.000000 0.916667 
-0.083333 -0.000000 0.916667 
-0.072169 0.041667 0.916667 
-0.108253 0.062500 0.875000 
-0.072169 0.041667 0.916667 
-0.083333 -0.000000 0.916667 
-0.041667 -0.000000 0.958333 
-0.041667 -0.000000 0.958333 
-0.036084 0.020833 0.958333 
-0.072169 0.041667 0.916667 
-0.036084 0.020833 0.958333 
-0.041667 -0.000000 0.958333 
0.000000 0.000000 1.000000 
0.000000 0.000000 0.000000 
-0.866025 -0.500000 0.000000 
-1.000000 -0.000000 0.000000 
-1.000000 -0.000000 0.000000 
-0.866025 -0.500000 0.000000 
-0.829941 -0.479167 0.041667 
-0.829941 -0.479167 0.041667 
-0.958333 -0.000000 0.041667 
-1.000000 -0.000000 0.000000 
-0.958333 -0.000000 0.041667 
-0.829941 -0.479167 0.041667 
-0.793857 -0.458334 0.083333 
-0.793857 -0.458334 0.083333 
-0.916667 -0.000000 0.083333 
-0.958333 -0.000000 0.041667 
-0.916667 -0.000000 0.083333 
-0.793857 -0.458334 0.083333 
-0.757772 -0.437500 0.125000 
-0.757772 -0.437500 0.125000 
-0.875000 -0.000000 0.125000 
-0.916667 -0.000000 0.083333 
-0.875000 -0.000000 0.125000 
-0.757772 -0.437500 0.125000 
-0.721688 -0.416667 0.166667 
-0.721688 -0.416667 0.166667 
-0.833333 -0.000000 0.166667 
-0.875000 -0.000000 0.125000 
-0.833333 -0.000000 0.166667 
-0.721688 -0.416667 0.166667 
-0.685603 -0.395833 0.208333 
-0.685603 -0.395833 0.208333 
-0.791667 -0.000000 0.208333 
-0.833333 -0.000000 0.166667 
-0.791667 -0.000000 0.208333 
-0.685603 -0.395833 0.208333 
-0.649519 -0.375000 0.250000 
-0.649519 -0.375000 0.250000 
-0.750000 -0.000000 0.250000 
-0.791667 -0.000000 0.208333 
-0.750000 -0.000000 0.250000 
-0.649519 -0.375000 0.250000 
-0.613435 -0.354167 0.291667 
-0.613435 -0.354167 0.291667 
-0.708333 -0.000000 0.291667 
-0.750000 -0.000000 0.250000 
-0.708333 -0.000000 0.291667 
-0.613435 -0.354167 0.291667 
-0.577350 -0.333333 0.333333 
-0.577350 -0.333333 0.333333 
-0.666667 -0.000000 0.333333 
-0.708333 -0.000000 0.291667 
-0.666667 -0.000000 0.333333 
-0.577350 -0.333333 0.333333 
-0.541266 -0.312500 0.375000 
-0.541266 -0.312500 0.375000 
-0.625000 -0.000000 0.375000 
-0.666667 -0.000000 0.333333 
-0.625000 -0.000000 0.375000 
-0.541266 -0.312500 0.375000 
-0.505181 -0.291667 0.416667 
-0.505181 -0.291667 0.416667 
-0.583333 -0.000000 0.416667 
-0.625000 -0.000000 0.375000 
-0.583333 -0.000000 0.416667 
-0.505181 -0.291667 0.416667 
-0.469097 -0.270833 0.458333 
-0.469097 -0.270833 0.458333 
-0.541667 -0.000000 0.458333 
-0.583333 -0.000000 0.416667 
-0.541667 -0.000000 0.458333 
-0.469097 -0.270833 0.458333 
-0.433013 -0.250000 0.500000 
-0.433013 -0.250000 0.500000 
-0.500000 -0.000000 0.500000 
-0.541667 -0.000000 0.458333 
-0.500000 -0.000000 0.500000 
-0.433013 -0.250000 0.500000 
-0.396928 -0.229167 0.541667 
-0.396928 -0.229167 0.541667 
-0.458333 -0.000000 0.541667 
-0.500000 -0.000000 0.500000 
-0.458333 -0.000000 0.541667 
-0.396928 -0.229167 0.541667 
-0.360844 -0.208333 0.583333 
-0.360844 -0.208333 0.583333 
-0.416667 -0.000000 0.583333 
-0.458333 -0.000000 0.541667 
-0.416667 -0.000000 0.583333 
-0.360844 -0.208333 0.583333 
-0.324759 -0.187500 0.625000 
-0.324759 -0.187500 0.625000 
-0.375000 -0.000000 0.625000 
-0.416667 -0.000000 0.583333 
-0.375000 -0.000000 0.625000 
-0.324759 -0.187500 0.625000 
-0.288675 -0.166667 0.666667 
-0.288675 -0.166667 0.666667 
-0.333333 -0.000000 0.666667 
-0.375000 -0.000000 0.625000 
-0.333333 -0.000000 0.666667 
-0.288675 -0.166667 0.666667 
-0.252591 -0.145833 0.708333 
-0.252591 -0.145833 0.708333 
-0.291667 -0.000000 0.708333 
-0.333333 -0.000000 0.666667 
-0.291667 -0.000000 0.708333 
-0.252591 -0.145833 0.708333 
-0.216506 -0.125000 0.750000 
-0.216506 -0.125000 0.750000 
-0.250000 -0.000000 0.750000 
-0.291667 -0.000000 0.708333 
-0.250000 -0.000000 0.750000 
-0.216506 -0.125000 0.750000 
-0.180422 -0.104167 0.791667 
-0.180422 -0.104167 0.791667 
-0.208333 -0.000000 0.791667 
-0.250000 -0.000000 0.750000 
-0.208333 -0.000000 0.791667 
-0.180422 -0.104167 0.791667 
-0.144338 -0.083333 0.833333 
-0.144338 -0.083333 0.833333 
-0.166667 -0.000000 0.833333 
-0.208333 -0.000000 0.791667 
-0.166667 -0.000000 0.833333 
-0.144338 -0.083333 0.833333 
-0.108253 -0.062500 0.875000 
-0.108253 -0.062500 0.875000 
-0.125000 -0.000000 0.875000 
-0.166667 -0.000000 0.833333 
-0.125000 -0.000000 0.875000 
-0.108253 -0.062500 0.875000 
-0.072169 -0.041667 0.916667 
-0.072169 -0.041667 0.916667 
-0.083333 -0.000000 0.916667 
-0.125000 -0.000000 0.875000 
-0.083333 -0.000000 0.916667 
-0.072169 -0.041667 0.916667 
-0.036084 -0.020833 0.958333 
-0.036084 -0.020833 0.958333 
-0.041667 -0.000000 0.958333 
-0.083333 -0.000000 0.916667 
-0.041667 -0.000000 0.958333 
-0.036084 -0.020833 0.958333 
0.000000 0.000000 1.000000 
0.000000 0.000000 0.000000 
-0.500000 -0.866025 0.000000 
-0.866025 -0.500000 0.000000 
-0.866025 -0.500000 0.000000 
-0.500000 -0.866025 0.000000 
-0.479167 -0.829941 0.041667 
-0.479167 -0.829941 0.041667 
-0.829941 -0.479167 0.041667 
-0.866025 -0.500000 0.000000 
-0.829941 -0.479167 0.041667 
-0.479167 -0.829941 0.041667 
-0.458333 -0.793857 0.083333 
-0.458333 -0.793857 0.083333 
-0.793857 -0.458334 0.083333 
-0.829941 -0.479167 0.041667 
-0.793857 -0.458334 0.083333 
-0.458333 -0.793857 0.083333 
-0.437500 -0.757772 0.125000 
-0.437500 -0.757772 0.125000 
-0.757772 -0.437500 0.125000 
-0.793857 -0.458334 0.083333 
-0.757772 -0.437500 0.125000 
-0.437500 -0.757772 0.125000 
-0.416667 -0.721688 0.166667 
-0.416667 -0.721688 0.166667 
-0.721688 -0.416667 0.166667 
-0.757772 -0.437500 0.125000 
-0.721688 -0.416667 0.166667 
-0.416667 -0.721688 0.166667 
-0.395833 -0.685604 0.208333 
-0.395833 -0.685604 0.208333 
-0.685603 -0.395833 0.208333 
-0.721688 -0.416667 0.166667 
-0.685603 -0.395833 0.208333 
-0.395833 -0.685604 0.208333 
-0.375000 -0.649519 0.250000 
-0.375000 -0.649519 0.250000 
-0.649519 -0.375000 0.250000 
-0.685603 -0.395833 0.208333 
-0.649519 -0.375000 0.250000 
-0.375000 -0.649519 0.250000 
-0.354167 -0.613435 0.291667 
-0.354167 -0.613435 0.291667 
-0.613435 -0.354167 0.291667 
-0.649519 -0.375000 0.250000 
-0.613435 -0.354167 0.291667 
-0.354167 -0.613435 0.291667 
-0.333333 -0.577350 0.333333 
-0.333333 -0.577350 0.333333 
-0.577350 -0.333333 0.333333 
-0.613435 -0.354167 0.291667 
-0.577350 -0.333333 0.333333 
-0.333333 -0.577350 0.333333 
-0.312500 -0.541266 0.375000 
-0.312500 -0.541266 0.375000 
-0.541266 -0.312500 0.375000 
-0.577350 -0.333333 0.333333 
-0.541266 -0.312500 0.375000 
-0.312500 -0.541266 0.375000 
-0.291667 -0.505182 0.416667 
-0.291667 -0.505182 0.416667 
-0.505181 -0.291667 0.416667 
-0.541266 -0.312500 0.375000 
-0.505181 -0.291667 0.416667 
-0.291667 -0.505182 0.416667 
-0.270833 -0.469097 0.458333 
-0.270833 -0.469097 0.458333 
-0.469097 -0.270833 0.458333 
-0.505181 -0.291667 0.416667 
-0.469097 -0.270833 0.458333 
-0.270833 -0.469097 0.458333 
-0.250000 -0.433013 0.500000 
-0.250000 -0.433013 0.500000 
-0.433013 -0.250000 0.500000 
-0.469097 -0.270833 0.458333 
-0.433013 -0.250000 0.500000 
-0.250000 -0.433013 0.500000 
-0.229167 -0.396928 0.541667 
-0.229167 -0.396928 0.541667 
-0.396928 -0.229167 0.541667 
-0.433013 -0.250000 0.500000 
-0.396928 -0.229167 0.541667 
-0.229167 -0.396928 0.541667 
-0.208333 -0.360844 0.583333 
-0.208333 -0.360844 0.583333 
-0.360844 -0.208333 0.583333 
-0.396928 -0.229167 0.541667 
-0.360844 -0.208333 0.583333 
-0.208333 -0.360844 0.583333 
-0.187500 -0.324760 0.625000 
-0.187500 -0.324760 0.625000 
-0.324759 -0.187500 0.625000 
-0.360844 -0.208333 0.583333 
-0.324759 -0.187500 0.625000 
-0.187500 -0.324760 0.625000 
-0.166667 -0.288675 0.666667 
-0.166667 -0.288675 0.666667 
-0.288675 -0.166667 0.666667 
-0.324759 -0.187500 0.625000 
-0.288675 -0.166667 0.666667 
-0.166667 -0.288675 0.666667 
-0.145833 -0.252591 0.708333 
-0.145833 -0.252591 0.708333 
-0.252591 -0.145833 0.708333 
-0.288675 -0.166667 0.666667 
-0.252591 -0.145833 0.708333 
-0.145833 -0.252591 0.708333 
-0.125000 -0.216506 0.750000 
-0.125000 -0.216506 0.750000 
-0.216506 -0.125000 0.750000 
-0.252591 -0.145833 0.708333 
-0.216506 -0.125000 0.750000 
-0.125000 -0.216506 0.750000 
-0.104167 -0.180422 0.791667 
-0.104167 -0.180422 0.791667 
-0.180422 -0.104167 0.791667 
-0.216506 -0.125000 0.750000 
-0.180422 -0.104167 0.791667 
-0.104167 -0.180422 0.791667 
-0.083333 -0.144338 0.833333 
-0.083333 -0.144338 0.833333 
-0.144338 -0.083333 0.833333 
-0.180422 -0.104167 0.791667 
-0.144338 -0.083333 0.833333 
-0.083333 -0.144338 0.833333 
-0.062500 -0.108253 0.875000 
-0.062500 -0.108253 0.875000 
-0.108253 -0.062500 0.875000 
-0.144338 -0.083333 0.833333 
-0.108253 -0.062500 0.875000 
-0.062500 -0.108253 0.875000 
-0.041667 -0.072169 0.916667 
-0.041667 -0.072169 0.916667 
-0.072169 -0.041667 0.916667 
-0.108253 -0.062500 0.875000 
-0.072169 -0.041667 0.916667 
-0.041667 -0.072169 0.916667 
-0.020833 -0.036084 0.958333 
-0.020833 -0.036084 0.958333 
-0.036084 -0.020833 0.958333 
-0.072169 -0.041667 0.916667 
-0.036084 -0.020833 0.958333 
-0.020833 -0.036084 0.958333 
0.000000 0.000000 1.000000 
0.000000 0.000000 0.000000 
0.000000 -1.000000 0.000000 
-0.500000 -0.866025 0.000000 
-0.500000 -0.866025 0.000000 
0.000000 -1.000000 0.000000 
0.000000 -0.958333 0.041667 
0.000000 -0.958333 0.041667 
-0.479167 -0.829941 0.041667 
-0.500000 -0.866025 0.000000 
-0.479167 -0.829941 0.041667 
0.000000 -0.958333 0.041667 
0.000000 -0.916667 0.083333 
0.000000 -0.916667 0.083333 
-0.458333 -0.793857 0.083333 
-0.479167 -0.829941 0.041667 
-0.458333 -0.793857 0.083333 
0.000000 -0.916667 0.083333 
0.000000 -0.875000 0.125000 
0.000000 -0.875000 0.125000 
-0.437500 -0.757772 0.125000 
-0.458333 -0.793857 0.083333 
-0.437500 -0.757772 0.125000 
0.000000 -0.875000 0.125000 
0.000000 -0.833333 0.166667 
0.000000 -0.833333 0.166667 
-0.416667 -0.721688 0.166667 
-0.437500 -0.757772 0.125000 
-0.416667 -0.721688 0.166667 
0.000000 -0.833333 0.166667 
0.000000 -0.791667 0.208333 
0.000000 -0.791667 0.208333 
-0.395833 -0.685604 0.208333 
-0.416667 -0.721688 0.166667 
-0.395833 -0.685604 0.208333 
0.000000 -0.791667 0.208333 
0.000000 -0.750000 0.250000 
0.000000 -0.750000 0.250000 
-0.375000 -0.649519 0.250000 
-0.395833 -0.685604 0.208333 
-0.375000 -0.649519 0.250000 
0.000000 -0.750000 0.250000 
0.000000 -0.708333 0.291667 
0.000000 -0.708333 0.291667 
-0.354167 -0.613435 0.291667 
-0.375000 -0.649519 0.250000 
-0.354167 -0.613435 0.291667 
0.000000 -0.708333 0.291667 
0.000000 -0.666667 0.333333 
0.000000 -0.666667 0.333333 
-0.333333 -0.577350 0.333333 
-0.354167 -0.613435 0.291667 
-0.333333 -0.577350 0.333333 
0.000000 -0.666667 0.333333 
0.000000 -0.625000 0.375000 
0.000000 -0.625000 0.375000 
-0.312500 -0.541266 0.375000 
-0.333333 -0.577350 0.333333 
-0.312500 -0.541266 0.375000 
0.000000 -0.625000 0.375000 
0.000000 -0.583333 0.416667 
0.000000 -0.583333 0.416667 
-0.291667 -0.505182 0.416667 
-0.312500 -0.541266 0.375000 
-0.291667 -0.505182 0.416667 
0.000000 -0.583333 0.416667 
0.000000 -0.541667 0.458333 
0.000000 -0.541667 0.458333 
-0.270833 -0.469097 0.458333 
-0.291667 -0.505182 0.416667 
-0.270833 -0.469097 0.458333 
0.000000 -0.541667 0.458333 
0.000000 -0.500000 0.500000 
0.000000 -0.500000 0.500000 
-0.250000 -0.433013 0.500000 
-0.270833 -0.469097 0.458333 
-0.250000 -0.433013 0.500000 
0.000000 -0.500000 0.500000 
0.000000 -0.458333 0.541667 
0.000000 -0.458333 0.541667 
-0.229167 -0.396928 0.541667 
-0.250000 -0.433013 0.500000 
-0.229167 -0.396928 0.541667 
0.000000 -0.458333 0.541667 
0.000000 -0.416667 0.583333 
0.000000 -0.416667 0.583333 
-0.208333 -0.360844 0.583333 
-0.229167 -0.396928 0.541667 
-0.208333 -0.360844 0.583333 
0.000000 -0.416667 0.583333 
0.000000 -0.375000 0.625000 
0.000000 -0.375000 0.625000 
-0.187500 -0.324760 0.625000 
-0.208333 -0.360844 0.583333 
-0.187500 -0.324760 0.625000 
0.000000 -0.375000 0.625000 
0.000000 -0.333333 0.666667 
0.000000 -0.333333 0.666667 
-0.166667 -0.288675 0.666667 
-0.187500 -0.324760 0.625000 
-0.166667 -0.288675 0.666667 
0.000000 -0.333333 0.666667 
0.000000 -0.291667 0.708333 
0.000000 -0.291667 0.708333 
-0.145833 -0.252591 0.708333 
-0.166667 -0.288675 0.666667 
-0.145833 -0.252591 0.708333 
0.000000 -0.291667 0.708333 
0.000000 -0.250000 0.750000 
0.000000 -0.250000 0.750000 
-0.125000 -0.216506 0.750000 
-0.145833 -0.252591 0.708333 
-0.125000 -0.216506 0.750000 
0.000000 -0.250000 0.750000 
0.000000 -0.208333 0.791667 
0.000000 -0.208333 0.791667 
-0.104167 -0.180422 0.791667 
-0.125000 -0.216506 0.750000 
-0.104167 -0.180422 0.791667 
0.000000 -0.208333 0.791667 
0.000000 -0.166667 0.833333 
0.000000 -0.166667 0.833333 
-0.083333 -0.144338 0.833333 
-0.104167 -0.180422 0.791667 
-0.083333 -0.144338 0.833333 
0.000000 -0.166667 0.833333 
0.000000 -0.125000 0.875000 
0.000000 -0.125000 0.875000 
-0.062500 -0.108253 0.875000 
-0.083333 -0.144338 0.833333 
-0.062500 -0.108253 0.875000 
0.000000 -0.125000 0.875000 
0.000000 -0.083333 0.916667 
0.000000 -0.083333 0.916667 
-0.041667 -0.072169 0.916667 
-0.062500 -0.108253 0.875000 
-0.041667 -0.072169 0.916667 
0.000000 -0.083333 0.916667 
0.000000 -0.041667 0.958333 
0.000000 -0.041667 0.958333 
-0.020833 -0.036084 0.958333 
-0.041667 -0.072169 0.916667 
-0.020833 -0.036084 0.958333 
0.000000 -0.041667 0.958333 
0.000000 0.000000 1.000000 
0.000000 0.000000 0.000000 
0.500000 -0.866025 0.000000 
0.000000 -1.000000 0.000000 
0.000000 -1.000000 0.000000 
0.500000 -0.866025 0.000000 
0.479167 -0.829941 0.041667 
0.479167 -0.829941 0.041667 
0.000000 -0.958333 0.041667 
0.000000 -1.000000 0.000000 
0.000000 -0.958333 0.041667 
0.479167 -0.829941 0.041667 
0.458333 -0.793857 0.083333 
0.458333 -0.793857 0.083333 
0.000000 -0.916667 0.083333 
0.000000 -0.958333 0.041667 
0.000000 -0.916667 0.083333 
0.458333 -0.793857 0.083333 
0.437500 -0.757772 0.125000 
0.437500 -0.757772 0.125000 
0.000000 -0.875000 0.125000 
0.000000 -0.916667 0.083333 
0.000000 -0.875000 0.125000 
0.437500 -0.757772 0.125000 
0.416667 -0.721688 0.166667 
0.416667 -0.721688 0.166667 
0.000000 -0.833333 0.166667 
0.000000 -0.875000 0.125000 
0.000000 -0.833333 0.166667 
0.416667 -0.721688 0.166667 
0.395833 -0.685603 0.208333 
0.395833 -0.685603 0.208333 
0.000000 -0.791667 0.208333 
0.000000 -0.833333 0.166667 
0.000000 -0.791667 0.208333 
0.395833 -0.685603 0.208333 
0.375000 -0.649519 0.250000 
0.375000 -0.649519 0.250000 
0.000000 -0.750000 0.250000 
0.000000 -0.791667 0.208333 
0.000000 -0.750000 0.250000 
0.375000 -0.649519 0.250000 
0.354167 -0.613435 0.291667 
0.354167 -0.613435 0.291667 
0.000000 -0.708333 0.291667 
0.000000 -0.750000 0.250000 
0.000000 -0.708333 0.291667 
0.354167 -0.613435 0.291667 
0.333333 -0.577350 0.333333 
0.333333 -0.577350 0.333333 
0.000000 -0.666667 0.333333 
0.000000 -0.708333 0.291667 
0.000000 -0.666667 0.333333 
0.333333 -0.577350 0.333333 
0.312500 -0.541266 0.375000 
0.312500 -0.541266 0.375000 
0.000000 -0.625000 0.375000 
0.000000 -0.666667 0.333333 
0.000000 -0.625000 0.375000 
0.312500 -0.541266 0.375000 
0.291667 -0.505182 0.416667 
0.291667 -0.505182 0.416667 
0.000000 -0.583333 0.416667 
0.000000 -0.625000 0.375000 
0.000000 -0.583333 0.416667 
0.291667 -0.505182 0.416667 
0.270833 -0.469097 0.458333 
0.270833 -0.469097 0.458333 
0.000000 -0.541667 0.458333 
0.000000 -0.583333 0.416667 
0.000000 -0.541667 0.458333 
0.270833 -0.469097 0.458333 
0.250000 -0.433013 0.500000 
0.250000 -0.433013 0.500000 
0.000000 -0.500000 0.500000 
0.000000 -0.541667 0.458333 
0.000000 -0.500000 0.500000 
0.250000 -0.433013 0.500000 
0.229167 -0.396928 0.541667 
0.229167 -0.396928 0.541667 
0.000000 -0.458333 0.541667 
0.000000 -0.500000 0.500000 
0.000000 -0.458333 0.541667 
0.229167 -0.396928 0.541667 
0.208333 -0.360844 0.583333 
0.208333 -0.360844 0.583333 
0.000000 -0.416667 0.583333 
0.000000 -0.458333 0.541667 
0.000000 -0.416667 0.583333 
0.208333 -0.360844 0.583333 
0.187500 -0.324760 0.625000 
0.187500 -0.324760 0.625000 
0.000000 -0.375000 0.625000 
0.000000 -0.416667 0.583333 
0.000000 -0.375000 0.625000 
0.187500 -0.324760 0.625000 
0.166667 -0.288675 0.666667 
0.166667 -0.288675 0.666667 
0.000000 -0.333333 0.666667 
0.000000 -0.375000 0.625000 
0.000000 -0.333333 0.666667 
0.166667 -0.288675 0.666667 
0.145833 -0.252591 0.708333 
0.145833 -0.252591 0.708333 
0.000000 -0.291667 0.708333 
0.000000 -0.333333 0.666667 
0.000000 -0.291667 0.708333 
0.145833 -0.252591 0.708333 
0.125000 -0.216506 0.750000 
0.125000 -0.216506 0.750000 
0.000000 -0.250000 0.750000 
0.000000 -0.291667 0.708333 
0.000000 -0.250000 0.750000 
0.125000 -0.216506 0.750000 
0.104167 -0.180422 0.791667 
0.104167 -0.180422 0.791667 
0.000000 -0.208333 0.791667 
0.000000 -0.250000 0.750000 
0.000000 -0.208333 0.791667 
0.104167 -0.180422 0.791667 
0.083333 -0.144338 0.833333 
0.083333 -0.144338 0.833333 
0.000000 -0.166667 0.833333 
0.000000 -0.208333 0.791667 
0.000000 -0.166667 0.833333 
0.083333 -0.144338 0.833333 
0.062500 -0.108253 0.875000 
0.062500 -0.108253 0.875000 
0.000000 -0.125000 0.875000 
0.000000 -0.166667 0.833333 
0.000000 -0.125000 0.875000 
0.062500 -0.108253 0.875000 
0.041667 -0.072169 0.916667 
0.041667 -0.072169 0.916667 
0.000000 -0.083333 0.916667 
0.000000 -0.125000 0.875000 
0.000000 -0.083333 0.916667 
0.041667 -0.072169 0.916667 
0.020833 -0.036084 0.958333 
0.020833 -0.036084 0.958333 
0.000000 -0.041667 0.958333 
0.000000 -0.083333 0.916667 
0.000000 -0.041667 0.958333 
0.020833 -0.036084 0.958333 
0.000000 0.000000 1.000000 
0.000000 0.000000 0.000000 
0.866026 -0.500000 0.000000 
0.500000 -0.866025 0.000000 
0.500000 -0.866025 0.000000 
0.866026 -0.500000 0.000000 
0.829941 -0.479166 0.041667 
0.829941 -0.479166 0.041667 
0.479167 -0.829941 0.041667 
0.500000 -0.866025 0.000000 
0.479167 -0.829941 0.041667 
0.829941 -0.479166 0.041667 
0.793857 -0.458333 0.083333 
0.793857 -0.458333 0.083333 
0.458333 -0.793857 0.083333 
0.479167 -0.829941 0.041667 
0.458333 -0.793857 0.083333 
0.793857 -0.458333 0.083333 
0.757772 -0.437500 0.125000 
0.757772 -0.437500 0.125000 
0.437500 -0.757772 0.125000 
0.458333 -0.793857 0.083333 
0.437500 -0.757772 0.125000 
0.757772 -0.437500 0.125000 
0.721688 -0.416666 0.166667 
0.721688 -0.416666 0.166667 
0.416667 -0.721688 0.166667 
0.437500 -0.757772 0.125000 
0.416667 -0.721688 0.166667 
0.721688 -0.416666 0.166667 
0.685604 -0.395833 0.208333 
0.685604 -0.395833 0.208333 
0.395833 -0.685603 0.208333 
0.416667 -0.721688 0.166667 
0.395833 -0.685603 0.208333 
0.685604 -0.395833 0.208333 
0.649519 -0.375000 0.250000 
0.649519 -0.375000 0.250000 
0.375000 -0.649519 0.250000 
0.395833 -0.685603 0.208333 
0.375000 -0.649519 0.250000 
0.649519 -0.375000 0.250000 
0.613435 -0.354167 0.291667 
0.613435 -0.354167 0.291667 
0.354167 -0.613435 0.291667 
0.375000 -0.649519 0.250000 
0.354167 -0.613435 0.291667 
0.613435 -0.354167 0.291667 
0.577350 -0.333333 0.333333 
0.577350 -0.333333 0.333333 
0.333333 -0.577350 0.333333 
0.354167 -0.613435 0.291667 
0.333333 -0.577350 0.333333 
0.577350 -0.333333 0.333333 
0.541266 -0.312500 0.375000 
0.541266 -0.312500 0.375000 
0.312500 -0.541266 0.375000 
0.333333 -0.577350 0.333333 
0.312500 -0.541266 0.375000 
0.541266 -0.312500 0.375000 
0.505182 -0.291667 0.416667 
0.505182 -0.291667 0.416667 
0.291667 -0.505182 0.416667 
0.312500 -0.541266 0.375000 
0.291667 -0.505182 0.416667 
0.505182 -0.291667 0.416667 
0.469097 -0.270833 0.458333 
0.469097 -0.270833 0.458333 
0.270833 -0.469097 0.458333 
0.291667 -0.505182 0.416667 
0.270833 -0.469097 0.458333 
0.469097 -0.270833 0.458333 
0.433013 -0.250000 0.500000 
0.433013 -0.250000 0.500000 
0.250000 -0.433013 0.500000 
0.270833 -0.469097 0.458333 
0.250000 -0.433013 0.500000 
0.433013 -0.250000 0.500000 
0.396928 -0.229167 0.541667 
0.396928 -0.229167 0.541667 
0.229167 -0.396928 0.541667 
0.250000 -0.433013 0.500000 
0.229167 -0.396928 0.541667 
0.396928 -0.229167 0.541667 
0.360844 -0.208333 0.583333 
0.360844 -0.208333 0.583333 
0.208333 -0.360844 0.583333 
0.229167 -0.396928 0.541667 
0.208333 -0.360844 0.583333 
0.360844 -0.208333 0.583333 
0.324760 -0.187500 0.625000 
0.324760 -0.187500 0.625000 
0.187500 -0.324760 0.625000 
0.208333 -0.360844 0.583333 
0.187500 -0.324760 0.625000 
0.324760 -0.187500 0.625000 
0.288675 -0.166667 0.666667 
0.288675 -0.166667 0.666667 
0.166667 -0.288675 0.666667 
0.187500 -0.324760 0.625000 
0.166667 -0.288675 0.666667 
0.288675 -0.166667 0.666667 
0.252591 -0.145833 0.708333 
0.252591 -0.145833 0.708333 
0.145833 -0.252591 0.708333 
0.166667 -0.288675 0.666667 
0.145833 -0.252591 0.708333 
0.252591 -0.145833 0.708333 
0.216506 -0.125000 0.750000 
0.216506 -0.125000 0.750000 
0.125000 -0.216506 0.750000 
0.145833 -0.252591 0.708333 
0.125000 -0.216506 0.750000 
0.216506 -0.125000 0.750000 
0.180422 -0.104167 0.791667 
0.180422 -0.104167 0.791667 
0.104167 -0.180422 0.791667 
0.125000 -0.216506 0.750000 
0.104167 -0.180422 0.791667 
0.180422 -0.104167 0.791667 
0.144338 -0.083333 0.833333 
0.144338 -0.083333 0.833333 
0.083333 -0.144338 0.833333 
0.104167 -0.180422 0.791667 
0.083333 -0.144338 0.833333 
0.144338 -0.083333 0.833333 
0.108253 -0.062500 0.875000 
0.108253 -0.062500 0.875000 
0.062500 -0.108253 0.875000 
0.083333 -0.144338 0.833333 
0.062500 -0.108253 0.875000 
0.108253 -0.062500 0.875000 
0.072169 -0.041667 0.916667 
0.072169 -0.041667 0.916667 
0.041667 -0.072169 0.916667 
0.062500 -0.108253 0.875000 
0.041667 -0.072169 0.916667 
0.072169 -0.041667 0.916667 
0.036084 -0.020833 0.958333 
0.036084 -0.020833 0.958333 
0.020833 -0.036084 0.958333 
0.041667 -0.072169 0.916667 
0.020833 -0.036084 0.958333 
0.036084 -0.020833 0.958333 
0.000000 0.000000 1.000000 
0.000000 0.000000 0.000000 
1.000000 0.000000 0.000000 
0.866026 -0.500000 0.000000 
0.866026 -0.500000 0.000000 
1.000000 0.000000 0.000000 
0.958333 0.000000 0.041667 
0.958333 0.000000 0.041667 
0.829941 -0.479166 0.041667 
0.866026 -0.500000 0.000000 
0.829941 -0.479166 0.041667 
0.958333 0.000000 0.041667 
0.916667 0.000000 0.083333 
0.916667 0.000000 0.083333 
0.793857 -0.458333 0.083333 
0.829941 -0.479166 0.041667 
0.793857 -0.458333 0.083333 
0.916667 0.000000 0.083333 
0.875000 0.000000 0.125000 
0.875000 0.000000 0.125000 
0.757772 -0.437500 0.125000 
0.793857 -0.458333 0.083333 
0.757772 -0.437500 0.125000 
0.875000 0.000000 0.125000 
0.833333 0.000000 0.166667 
0.833333 0.000000 0.166667 
0.721688 -0.416666 0.166667 
0.757772 -0.437500 0.125000 
0.721688 -0.416666 0.166667 
0.833333 0.000000 0.166667 
0.791667 0.000000 0.208333 
0.791667 0.000000 0.208333 
0.685604 -0.395833 0.208333 
0.721688 -0.416666 0.166667 
0.685604 -0.395833 0.208333 
0.791667 0.000000 0.208333 
0.750000 0.000000 0.250000 
0.750000 0.000000 0.250000 
0.649519 -0.375000 0.250000 
0.685604 -0.395833 0.208333 
0.649519 -0.375000 0.250000 
0.750000 0.000000 0.250000 
0.708333 0.000000 0.291667 
0.708333 0.000000 0.291667 
0.613435 -0.354167 0.291667 
0.649519 -0.375000 0.250000 
0.613435 -0.354167 0.291667 
0.708333 0.000000 0.291667 
0.666667 0.000000 0.333333 
0.666667 0.000000 0.333333 
0.577350 -0.333333 0.333333 
0.613435 -0.354167 0.291667 
0.577350 -0.333333 0.333333 
0.666667 0.000000 0.333333 
0.625000 0.000000 0.375000 
0.625000 0.000000 0.375000 
0.541266 -0.312500 0.375000 
0.577350 -0.333333 0.333333 
0.541266 -0.312500 0.375000 
0.625000 0.000000 0.375000 
0.583333 0.000000 0.416667 
0.583333 0.000000 0.416667 
0.505182 -0.291667 0.416667 
0.541266 -0.312500 0.375000 
0.505182 -0.291667 0.416667 
0.583333 0.000000 0.416667 
0.541667 0.000000 0.458333 
0.541667 0.000000 0.458333 
0.469097 -0.270833 0.458333 
0.505182 -0.291667 0.416667 
0.469097 -0.270833 0.458333 
0.541667 0.000000 0.458333 
0.500000 0.000000 0.500000 
0.500000 0.000000 0.500000 
0.433013 -0.250000 0.500000 
0.469097 -0.270833 0.458333 
0.433013 -0.250000 0.500000 
0.500000 0.000000 0.500000 
0.458333 0.000000 0.541667 
0.458333 0.000000 0.541667 
0.396928 -0.229167 0.541667 
0.433013 -0.250000 0.500000 
0.396928 -0.229167 0.541667 
0.458333 0.000000 0.541667 
0.416667 0.000000 0.583333 
0.416667 0.000000 0.583333 
0.360844 -0.208333 0.583333 
0.396928 -0.229167 0.541667 
0.360844 -0.208333 0.583333 
0.416667 0.000000 0.583333 
0.375000 0.000000 0.625000 
0.375000 0.000000 0.625000 
0.324760 -0.187500 0.625000 
0.360844 -0.208333 0.583333 
0.324760 -0.187500 0.625000 
0.375000 0.000000 0.625000 
0.333333 0.000000 0.666667 
0.333333 0.000000 0.666667 
0.288675 -0.166667 0.666667 
0.324760 -0.187500 0.625000 
0.288675 -0.166667 0.666667 
0.333333 0.000000 0.666667 
0.291667 0.000000 0.708333 
0.291667 0.000000 0.708333 
0.252591 -0.145833 0.708333 
0.288675 -0.166667 0.666667 
0.252591 -0.145833 0.708333 
0.291667 0.000000 0.708333 
0.250000 0.000000 0.750000 
0.250000 0.000000 0.750000 
0.216506 -0.125000 0.750000 
0.252591 -0.145833 0.708333 
0.216506 -0.125000 0.750000 
0.250000 0.000000 0.750000 
0.208333 0.000000 0.791667 
0.208333 0.000000 0.791667 
0.180422 -0.104167 0.791667 
0.216506 -0.125000 0.750000 
0.180422 -0.104167 0.791667 
0.208333 0.000000 0.791667 
0.166667 0.000000 0.833333 
0.166667 0.000000 0.833333 
0.144338 -0.083333 0.833333 
0.180422 -0.104167 0.791667 
0.144338 -0.083333 0.833333 
0.166667 0.000000 0.833333 
0.125000 0.000000 0.875000 
0.125000 0.000000 0.875000 
0.108253 -0.062500 0.875000 
0.144338 -0.083333 0.833333 
0.108253 -0.062500 0.875000 
0.125000 0.000000 0.875000 
0.083333 0.000000 0.916667 
0.083333 0.000000 0.916667 
0.072169 -0.041667 0.916667 
0.108253 -0.062500 0.875000 
0.072169 -0.041667 0.916667 
0.083333 0.000000 0.916667 
0.041667 0.000000 0.958333 
0.041667 0.000000 0.958333 
0.036084 -0.020833 0.958333 
0.072169 -0.041667 0.916667 
0.036084 -0.020833 0.958333 
0.041667 0.000000 0.958333 
0.000000 0.000000 1.000000 
