0.126558 0.091950 -0.987688 
0.156434 0.000000 -0.987688 
0.000000 0.000000 -1.000000 
0.156434 0.000000 -0.987688 
0.126558 0.091950 -0.987688 
0.250000 0.181636 -0.951057 
0.250000 0.181636 -0.951057 
0.309017 0.000000 -0.951057 
0.156434 0.000000 -0.987688 
0.309017 0.000000 -0.951057 
0.250000 0.181636 -0.951057 
0.367286 0.266849 -0.891007 
0.367286 0.266849 -0.891007 
0.453991 0.000000 -0.891007 
0.309017 0.000000 -0.951057 
0.453991 0.000000 -0.891007 
0.367286 0.266849 -0.891007 
0.475528 0.345491 -0.809017 
0.475528 0.345491 -0.809017 
0.587785 0.000000 -0.809017 
0.453991 0.000000 -0.891007 
0.587785 0.000000 -0.809017 
0.475528 0.345491 -0.809017 
0.572061 0.415627 -0.707107 
0.572061 0.415627 -0.707107 
0.707107 0.000000 -0.707107 
0.587785 0.000000 -0.809017 
0.707107 0.000000 -0.707107 
0.572061 0.415627 -0.707107 
0.654508 0.475528 -0.587785 
0.654508 0.475528 -0.587785 
0.809017 0.000000 -0.587785 
0.707107 0.000000 -0.707107 
0.809017 0.000000 -0.587785 
0.654508 0.475528 -0.587785 
0.720839 0.523721 -0.453991 
0.720839 0.523721 -0.453991 
0.891007 0.000000 -0.453991 
0.809017 0.000000 -0.587785 
0.891007 0.000000 -0.453991 
0.720839 0.523721 -0.453991 
0.769421 0.559017 -0.309017 
0.769421 0.559017 -0.309017 
0.951057 0.000000 -0.309017 
0.891007 0.000000 -0.453991 
0.951057 0.000000 -0.309017 
0.769421 0.559017 -0.309017 
0.799057 0.580549 -0.156434 
0.799057 0.580549 -0.156434 
0.987688 0.000000 -0.156434 
0.951057 0.000000 -0.309017 
0.987688 0.000000 -0.156434 
0.799057 0.580549 -0.156434 
0.809017 0.587785 0.000000 
0.809017 0.587785 0.000000 
1.000000 0.000000 0.000000 
0.987688 0.000000 -0.156434 
1.000000 0.000000 0.000000 
0.809017 0.587785 0.000000 
0.799057 0.580549 0.156434 
0.799057 0.580549 0.156434 
0.987688 0.000000 0.156434 
1.000000 0.000000 0.000000 
0.987688 0.000000 0.156434 
0.799057 0.580549 0.156434 
0.769421 0.559017 0.309017 
0.769421 0.559017 0.309017 
0.951057 0.000000 0.309017 
0.987688 0.000000 0.156434 
0.951057 0.000000 0.309017 
0.769421 0.559017 0.309017 
0.720839 0.523721 0.453991 
0.720839 0.523721 0.453991 
0.891007 0.000000 0.453991 
0.951057 0.000000 0.309017 
0.891007 0.000000 0.453991 
0.720839 0.523721 0.453991 
0.654508 0.475528 0.587785 
0.654508 0.475528 0.587785 
0.809017 0.000000 0.587785 
0.891007 0.000000 0.453991 
0.809017 0.000000 0.587785 
0.654508 0.475528 0.587785 
0.572061 0.415627 0.707107 
0.572061 0.415627 0.707107 
0.707107 0.000000 0.707107 
0.809017 0.000000 0.587785 
0.707107 0.000000 0.707107 
0.572061 0.415627 0.707107 
0.475528 0.345491 0.809017 
0.475528 0.345491 0.809017 
0.587785 0.000000 0.809017 
0.707107 0.000000 0.707107 
0.587785 0.000000 0.809017 
0.475528 0.345491 0.809017 
0.367286 0.266849 0.891007 
0.367286 0.266849 0.891007 
0.453991 0.000000 0.891007 
0.587785 0.000000 0.809017 
0.453991 0.000000 0.891007 
0.367286 0.266849 0.891007 
0.250000 0.181636 0.951057 
0.250000 0.181636 0.951057 
0.309017 0.000000 0.951057 
0.453991 0.000000 0.891007 
0.309017 0.000000 0.951057 
0.250000 0.181636 0.951057 
0.126558 0.091950 0.987688 
0.126558 0.091950 0.987688 
0.156434 0.000000 0.987688 
0.309017 0.000000 0.951057 
0.000000 0.000000 1.000000 
0.156434 0.000000 0.987688 
0.126558 0.091950 0.987688 
0.048341 0.148778 -0.987688 
0.126558 0.091950 -0.987688 
0.000000 0.000000 -1.000000 
0.126558 0.091950 -0.987688 
0.048341 0.148778 -0.987688 
0.095491 0.293893 -0.951057 
0.095491 0.293893 -0.951057 
0.250000 0.181636 -0.951057 
0.126558 0.091950 -0.987688 
0.250000 0.181636 -0.951057 
0.095491 0.293893 -0.951057 
0.140291 0.431771 -0.891007 
0.140291 0.431771 -0.891007 
0.367286 0.266849 -0.891007 
0.250000 0.181636 -0.951057 
0.367286 0.266849 -0.891007 
0.140291 0.431771 -0.891007 
0.181636 0.559017 -0.809017 
0.181636 0.559017 -0.809017 
0.475528 0.345491 -0.809017 
0.367286 0.266849 -0.891007 
0.475528 0.345491 -0.809017 
0.181636 0.559017 -0.809017 
0.218508 0.672499 -0.707107 
0.218508 0.672499 -0.707107 
0.572061 0.415627 -0.707107 
0.475528 0.345491 -0.809017 
0.572061 0.415627 -0.707107 
0.218508 0.672499 -0.707107 
0.250000 0.769421 -0.587785 
0.250000 0.769421 -0.587785 
0.654508 0.475528 -0.587785 
0.572061 0.415627 -0.707107 
0.654508 0.475528 -0.587785 
0.250000 0.769421 -0.587785 
0.275336 0.847398 -0.453991 
0.275336 0.847398 -0.453991 
0.720839 0.523721 -0.453991 
0.654508 0.475528 -0.587785 
0.720839 0.523721 -0.453991 
0.275336 0.847398 -0.453991 
0.293893 0.904509 -0.309017 
0.293893 0.904509 -0.309017 
0.769421 0.559017 -0.309017 
0.720839 0.523721 -0.453991 
0.769421 0.559017 -0.309017 
0.293893 0.904509 -0.309017 
0.305212 0.939347 -0.156434 
0.305212 0.939347 -0.156434 
0.799057 0.580549 -0.156434 
0.769421 0.559017 -0.309017 
0.799057 0.580549 -0.156434 
0.305212 0.939347 -0.156434 
0.309017 0.951057 0.000000 
0.309017 0.951057 0.000000 
0.809017 0.587785 0.000000 
0.799057 0.580549 -0.156434 
0.809017 0.587785 0.000000 
0.309017 0.951057 0.000000 
0.305212 0.939347 0.156434 
0.305212 0.939347 0.156434 
0.799057 0.580549 0.156434 
0.809017 0.587785 0.000000 
0.799057 0.580549 0.156434 
0.305212 0.939347 0.156434 
0.293893 0.904509 0.309017 
0.293893 0.904509 0.309017 
0.769421 0.559017 0.309017 
0.799057 0.580549 0.156434 
0.769421 0.559017 0.309017 
0.293893 0.904509 0.309017 
0.275336 0.847398 0.453991 
0.275336 0.847398 0.453991 
0.720839 0.523721 0.453991 
0.769421 0.559017 0.309017 
0.720839 0.523721 0.453991 
0.275336 0.847398 0.453991 
0.250000 0.769421 0.587785 
0.250000 0.769421 0.587785 
0.654508 0.475528 0.587785 
0.720839 0.523721 0.453991 
0.654508 0.475528 0.587785 
0.250000 0.769421 0.587785 
0.218508 0.672499 0.707107 
0.218508 0.672499 0.707107 
0.572061 0.415627 0.707107 
0.654508 0.475528 0.587785 
0.572061 0.415627 0.707107 
0.218508 0.672499 0.707107 
0.181636 0.559017 0.809017 
0.181636 0.559017 0.809017 
0.475528 0.345491 0.809017 
0.572061 0.415627 0.707107 
0.475528 0.345491 0.809017 
0.181636 0.559017 0.809017 
0.140291 0.431771 0.891007 
0.140291 0.431771 0.891007 
0.367286 0.266849 0.891007 
0.475528 0.345491 0.809017 
0.367286 0.266849 0.891007 
0.140291 0.431771 0.891007 
0.095491 0.293893 0.951057 
0.095491 0.293893 0.951057 
0.250000 0.181636 0.951057 
0.367286 0.266849 0.891007 
0.250000 0.181636 0.951057 
0.095491 0.293893 0.951057 
0.048341 0.148778 0.987688 
0.048341 0.148778 0.987688 
0.126558 0.091950 0.987688 
0.250000 0.181636 0.951057 
0.000000 0.000000 1.000000 
0.126558 0.091950 0.987688 
0.048341 0.148778 0.987688 
-0.048341 0.148778 -0.987688 
0.048341 0.148778 -0.987688 
0.000000 0.000000 -1.000000 
0.048341 0.148778 -0.987688 
-0.048341 0.148778 -0.987688 
-0.095492 0.293893 -0.951057 
-0.095492 0.293893 -0.951057 
0.095491 0.293893 -0.951057 
0.048341 0.148778 -0.987688 
0.095491 0.293893 -0.951057 
-0.095492 0.293893 -0.951057 
-0.140291 0.431771 -0.891007 
-0.140291 0.431771 -0.891007 
0.140291 0.431771 -0.891007 
0.095491 0.293893 -0.951057 
0.140291 0.431771 -0.891007 
-0.140291 0.431771 -0.891007 
-0.181636 0.559017 -0.809017 
-0.181636 0.559017 -0.809017 
0.181636 0.559017 -0.809017 
0.140291 0.431771 -0.891007 
0.181636 0.559017 -0.809017 
-0.181636 0.559017 -0.809017 
-0.218508 0.672498 -0.707107 
-0.218508 0.672498 -0.707107 
0.218508 0.672499 -0.707107 
0.181636 0.559017 -0.809017 
0.218508 0.672499 -0.707107 
-0.218508 0.672498 -0.707107 
-0.250000 0.769421 -0.587785 
-0.250000 0.769421 -0.587785 
0.250000 0.769421 -0.587785 
0.218508 0.672499 -0.707107 
0.250000 0.769421 -0.587785 
-0.250000 0.769421 -0.587785 
-0.275336 0.847398 -0.453991 
-0.275336 0.847398 -0.453991 
0.275336 0.847398 -0.453991 
0.250000 0.769421 -0.587785 
0.275336 0.847398 -0.453991 
-0.275336 0.847398 -0.453991 
-0.293893 0.904508 -0.309017 
-0.293893 0.904508 -0.309017 
0.293893 0.904509 -0.309017 
0.275336 0.847398 -0.453991 
0.293893 0.904509 -0.309017 
-0.293893 0.904508 -0.309017 
-0.305213 0.939347 -0.156434 
-0.305213 0.939347 -0.156434 
0.305212 0.939347 -0.156434 
0.293893 0.904509 -0.309017 
0.305212 0.939347 -0.156434 
-0.305213 0.939347 -0.156434 
-0.309017 0.951057 0.000000 
-0.309017 0.951057 0.000000 
0.309017 0.951057 0.000000 
0.305212 0.939347 -0.156434 
0.309017 0.951057 0.000000 
-0.309017 0.951057 0.000000 
-0.305213 0.939347 0.156434 
-0.305213 0.939347 0.156434 
0.305212 0.939347 0.156434 
0.309017 0.951057 0.000000 
0.305212 0.939347 0.156434 
-0.305213 0.939347 0.156434 
-0.293893 0.904508 0.309017 
-0.293893 0.904508 0.309017 
0.293893 0.904509 0.309017 
0.305212 0.939347 0.156434 
0.293893 0.904509 0.309017 
-0.293893 0.904508 0.309017 
-0.275336 0.847398 0.453991 
-0.275336 0.847398 0.453991 
0.275336 0.847398 0.453991 
0.293893 0.904509 0.309017 
0.275336 0.847398 0.453991 
-0.275336 0.847398 0.453991 
-0.250000 0.769421 0.587785 
-0.250000 0.769421 0.587785 
0.250000 0.769421 0.587785 
0.275336 0.847398 0.453991 
0.250000 0.769421 0.587785 
-0.250000 0.769421 0.587785 
-0.218508 0.672498 0.707107 
-0.218508 0.672498 0.707107 
0.218508 0.672499 0.707107 
0.250000 0.769421 0.587785 
0.218508 0.672499 0.707107 
-0.218508 0.672498 0.707107 
-0.181636 0.559017 0.809017 
-0.181636 0.559017 0.809017 
0.181636 0.559017 0.809017 
0.218508 0.672499 0.707107 
0.181636 0.559017 0.809017 
-0.181636 0.559017 0.809017 
-0.140291 0.431771 0.891007 
-0.140291 0.431771 0.891007 
0.140291 0.431771 0.891007 
0.181636 0.559017 0.809017 
0.140291 0.431771 0.891007 
-0.140291 0.431771 0.891007 
-0.095492 0.293893 0.951057 
-0.095492 0.293893 0.951057 
0.095491 0.293893 0.951057 
0.140291 0.431771 0.891007 
0.095491 0.293893 0.951057 
-0.095492 0.293893 0.951057 
-0.048341 0.148778 0.987688 
-0.048341 0.148778 0.987688 
0.048341 0.148778 0.987688 
0.095491 0.293893 0.951057 
0.000000 0.000000 1.000000 
0.048341 0.148778 0.987688 
-0.048341 0.148778 0.987688 
-0.126558 0.091950 -0.987688 
-0.048341 0.148778 -0.987688 
0.000000 0.000000 -1.000000 
-0.048341 0.148778 -0.987688 
-0.126558 0.091950 -0.987688 
-0.250000 0.181636 -0.951057 
-0.250000 0.181636 -0.951057 
-0.095492 0.293893 -0.951057 
-0.048341 0.148778 -0.987688 
-0.095492 0.293893 -0.951057 
-0.250000 0.181636 -0.951057 
-0.367286 0.266849 -0.891007 
-0.367286 0.266849 -0.891007 
-0.140291 0.431771 -0.891007 
-0.095492 0.293893 -0.951057 
-0.140291 0.431771 -0.891007 
-0.367286 0.266849 -0.891007 
-0.475528 0.345491 -0.809017 
-0.475528 0.345491 -0.809017 
-0.181636 0.559017 -0.809017 
-0.140291 0.431771 -0.891007 
-0.181636 0.559017 -0.809017 
-0.475528 0.345491 -0.809017 
-0.572061 0.415627 -0.707107 
-0.572061 0.415627 -0.707107 
-0.218508 0.672498 -0.707107 
-0.181636 0.559017 -0.809017 
-0.218508 0.672498 -0.707107 
-0.572061 0.415627 -0.707107 
-0.654509 0.475528 -0.587785 
-0.654509 0.475528 -0.587785 
-0.250000 0.769421 -0.587785 
-0.218508 0.672498 -0.707107 
-0.250000 0.769421 -0.587785 
-0.654509 0.475528 -0.587785 
-0.720839 0.523720 -0.453991 
-0.720839 0.523720 -0.453991 
-0.275336 0.847398 -0.453991 
-0.250000 0.769421 -0.587785 
-0.275336 0.847398 -0.453991 
-0.720839 0.523720 -0.453991 
-0.769421 0.559017 -0.309017 
-0.769421 0.559017 -0.309017 
-0.293893 0.904508 -0.309017 
-0.275336 0.847398 -0.453991 
-0.293893 0.904508 -0.309017 
-0.769421 0.559017 -0.309017 
-0.799057 0.580549 -0.156434 
-0.799057 0.580549 -0.156434 
-0.305213 0.939347 -0.156434 
-0.293893 0.904508 -0.309017 
-0.305213 0.939347 -0.156434 
-0.799057 0.580549 -0.156434 
-0.809017 0.587785 0.000000 
-0.809017 0.587785 0.000000 
-0.309017 0.951057 0.000000 
-0.305213 0.939347 -0.156434 
-0.309017 0.951057 0.000000 
-0.809017 0.587785 0.000000 
-0.799057 0.580549 0.156434 
-0.799057 0.580549 0.156434 
-0.305213 0.939347 0.156434 
-0.309017 0.951057 0.000000 
-0.305213 0.939347 0.156434 
-0.799057 0.580549 0.156434 
-0.769421 0.559017 0.309017 
-0.769421 0.559017 0.309017 
-0.293893 0.904508 0.309017 
-0.305213 0.939347 0.156434 
-0.293893 0.904508 0.309017 
-0.769421 0.559017 0.309017 
-0.720839 0.523720 0.453991 
-0.720839 0.523720 0.453991 
-0.275336 0.847398 0.453991 
-0.293893 0.904508 0.309017 
-0.275336 0.847398 0.453991 
-0.720839 0.523720 0.453991 
-0.654509 0.475528 0.587785 
-0.654509 0.475528 0.587785 
-0.250000 0.769421 0.587785 
-0.275336 0.847398 0.453991 
-0.250000 0.769421 0.587785 
-0.654509 0.475528 0.587785 
-0.572061 0.415627 0.707107 
-0.572061 0.415627 0.707107 
-0.218508 0.672498 0.707107 
-0.250000 0.769421 0.587785 
-0.218508 0.672498 0.707107 
-0.572061 0.415627 0.707107 
-0.475528 0.345491 0.809017 
-0.475528 0.345491 0.809017 
-0.181636 0.559017 0.809017 
-0.218508 0.672498 0.707107 
-0.181636 0.559017 0.809017 
-0.475528 0.345491 0.809017 
-0.367286 0.266849 0.891007 
-0.367286 0.266849 0.891007 
-0.140291 0.431771 0.891007 
-0.181636 0.559017 0.809017 
-0.140291 0.431771 0.891007 
-0.367286 0.266849 0.891007 
-0.250000 0.181636 0.951057 
-0.250000 0.181636 0.951057 
-0.095492 0.293893 0.951057 
-0.140291 0.431771 0.891007 
-0.095492 0.293893 0.951057 
-0.250000 0.181636 0.951057 
-0.126558 0.091950 0.987688 
-0.126558 0.091950 0.987688 
-0.048341 0.148778 0.987688 
-0.095492 0.293893 0.951057 
0.000000 0.000000 1.000000 
-0.048341 0.148778 0.987688 
-0.126558 0.091950 0.987688 
-0.156434 -0.000000 -0.987688 
-0.126558 0.091950 -0.987688 
0.000000 0.000000 -1.000000 
-0.126558 0.091950 -0.987688 
-0.156434 -0.000000 -0.987688 
-0.309017 -0.000000 -0.951057 
-0.309017 -0.000000 -0.951057 
-0.250000 0.181636 -0.951057 
-0.126558 0.091950 -0.987688 
-0.250000 0.181636 -0.951057 
-0.309017 -0.000000 -0.951057 
-0.453991 -0.000000 -0.891007 
-0.453991 -0.000000 -0.891007 
-0.367286 0.266849 -0.891007 
-0.250000 0.181636 -0.951057 
-0.367286 0.266849 -0.891007 
-0.453991 -0.000000 -0.891007 
-0.587785 -0.000000 -0.809017 
-0.587785 -0.000000 -0.809017 
-0.475528 0.345491 -0.809017 
-0.367286 0.266849 -0.891007 
-0.475528 0.345491 -0.809017 
-0.587785 -0.000000 -0.809017 
-0.707107 -0.000000 -0.707107 
-0.707107 -0.000000 -0.707107 
-0.572061 0.415627 -0.707107 
-0.475528 0.345491 -0.809017 
-0.572061 0.415627 -0.707107 
-0.707107 -0.000000 -0.707107 
-0.809017 -0.000000 -0.587785 
-0.809017 -0.000000 -0.587785 
-0.654509 0.475528 -0.587785 
-0.572061 0.415627 -0.707107 
-0.654509 0.475528 -0.587785 
-0.809017 -0.000000 -0.587785 
-0.891007 -0.000000 -0.453991 
-0.891007 -0.000000 -0.453991 
-0.720839 0.523720 -0.453991 
-0.654509 0.475528 -0.587785 
-0.720839 0.523720 -0.453991 
-0.891007 -0.000000 -0.453991 
-0.951057 -0.000000 -0.309017 
-0.951057 -0.000000 -0.309017 
-0.769421 0.559017 -0.309017 
-0.720839 0.523720 -0.453991 
-0.769421 0.559017 -0.309017 
-0.951057 -0.000000 -0.309017 
-0.987688 -0.000000 -0.156434 
-0.987688 -0.000000 -0.156434 
-0.799057 0.580549 -0.156434 
-0.769421 0.559017 -0.309017 
-0.799057 0.580549 -0.156434 
-0.987688 -0.000000 -0.156434 
-1.000000 -0.000000 0.000000 
-1.000000 -0.000000 0.000000 
-0.809017 0.587785 0.000000 
-0.799057 0.580549 -0.156434 
-0.809017 0.587785 0.000000 
-1.000000 -0.000000 0.000000 
-0.987688 -0.000000 0.156434 
-0.987688 -0.000000 0.156434 
-0.799057 0.580549 0.156434 
-0.809017 0.587785 0.000000 
-0.799057 0.580549 0.156434 
-0.987688 -0.000000 0.156434 
-0.951057 -0.000000 0.309017 
-0.951057 -0.000000 0.309017 
-0.769421 0.559017 0.309017 
-0.799057 0.580549 0.156434 
-0.769421 0.559017 0.309017 
-0.951057 -0.000000 0.309017 
-0.891007 -0.000000 0.453991 
-0.891007 -0.000000 0.453991 
-0.720839 0.523720 0.453991 
-0.769421 0.559017 0.309017 
-0.720839 0.523720 0.453991 
-0.891007 -0.000000 0.453991 
-0.809017 -0.000000 0.587785 
-0.809017 -0.000000 0.587785 
-0.654509 0.475528 0.587785 
-0.720839 0.523720 0.453991 
-0.654509 0.475528 0.587785 
-0.809017 -0.000000 0.587785 
-0.707107 -0.000000 0.707107 
-0.707107 -0.000000 0.707107 
-0.572061 0.415627 0.707107 
-0.654509 0.475528 0.587785 
-0.572061 0.415627 0.707107 
-0.707107 -0.000000 0.707107 
-0.587785 -0.000000 0.809017 
-0.587785 -0.000000 0.809017 
-0.475528 0.345491 0.809017 
-0.572061 0.415627 0.707107 
-0.475528 0.345491 0.809017 
-0.587785 -0.000000 0.809017 
-0.453991 -0.000000 0.891007 
-0.453991 -0.000000 0.891007 
-0.367286 0.266849 0.891007 
-0.475528 0.345491 0.809017 
-0.367286 0.266849 0.891007 
-0.453991 -0.000000 0.891007 
-0.309017 -0.000000 0.951057 
-0.309017 -0.000000 0.951057 
-0.250000 0.181636 0.951057 
-0.367286 0.266849 0.891007 
-0.250000 0.181636 0.951057 
-0.309017 -0.000000 0.951057 
-0.156434 -0.000000 0.987688 
-0.156434 -0.000000 0.987688 
-0.126558 0.091950 0.987688 
-0.250000 0.181636 0.951057 
0.000000 0.000000 1.000000 
-0.126558 0.091950 0.987688 
-0.156434 -0.000000 0.987688 
-0.126558 -0.091950 -0.987688 
-0.156434 -0.000000 -0.987688 
0.000000 0.000000 -1.000000 
-0.156434 -0.000000 -0.987688 
-0.126558 -0.091950 -0.987688 
-0.250000 -0.181636 -0.951057 
-0.250000 -0.181636 -0.951057 
-0.309017 -0.000000 -0.951057 
-0.156434 -0.000000 -0.987688 
-0.309017 -0.000000 -0.951057 
-0.250000 -0.181636 -0.951057 
-0.367286 -0.266849 -0.891007 
-0.367286 -0.266849 -0.891007 
-0.453991 -0.000000 -0.891007 
-0.309017 -0.000000 -0.951057 
-0.453991 -0.000000 -0.891007 
-0.367286 -0.266849 -0.891007 
-0.475528 -0.345492 -0.809017 
-0.475528 -0.345492 -0.809017 
-0.587785 -0.000000 -0.809017 
-0.453991 -0.000000 -0.891007 
-0.587785 -0.000000 -0.809017 
-0.475528 -0.345492 -0.809017 
-0.572061 -0.415627 -0.707107 
-0.572061 -0.415627 -0.707107 
-0.707107 -0.000000 -0.707107 
-0.587785 -0.000000 -0.809017 
-0.707107 -0.000000 -0.707107 
-0.572061 -0.415627 -0.707107 
-0.654508 -0.475528 -0.587785 
-0.654508 -0.475528 -0.587785 
-0.809017 -0.000000 -0.587785 
-0.707107 -0.000000 -0.707107 
-0.809017 -0.000000 -0.587785 
-0.654508 -0.475528 -0.587785 
-0.720839 -0.523721 -0.453991 
-0.720839 -0.523721 -0.453991 
-0.891007 -0.000000 -0.453991 
-0.809017 -0.000000 -0.587785 
-0.891007 -0.000000 -0.453991 
-0.720839 -0.523721 -0.453991 
-0.769421 -0.559017 -0.309017 
-0.769421 -0.559017 -0.309017 
-0.951057 -0.000000 -0.309017 
-0.891007 -0.000000 -0.453991 
-0.951057 -0.000000 -0.309017 
-0.769421 -0.559017 -0.309017 
-0.799057 -0.580549 -0.156434 
-0.799057 -0.580549 -0.156434 
-0.987688 -0.000000 -0.156434 
-0.951057 -0.000000 -0.309017 
-0.987688 -0.000000 -0.156434 
-0.799057 -0.580549 -0.156434 
-0.809017 -0.587785 0.000000 
-0.809017 -0.587785 0.000000 
-1.000000 -0.000000 0.000000 
-0.987688 -0.000000 -0.156434 
-1.000000 -0.000000 0.000000 
-0.809017 -0.587785 0.000000 
-0.799057 -0.580549 0.156434 
-0.799057 -0.580549 0.156434 
-0.987688 -0.000000 0.156434 
-1.000000 -0.000000 0.000000 
-0.987688 -0.000000 0.156434 
-0.799057 -0.580549 0.156434 
-0.769421 -0.559017 0.309017 
-0.769421 -0.559017 0.309017 
-0.951057 -0.000000 0.309017 
-0.987688 -0.000000 0.156434 
-0.951057 -0.000000 0.309017 
-0.769421 -0.559017 0.309017 
-0.720839 -0.523721 0.453991 
-0.720839 -0.523721 0.453991 
-0.891007 -0.000000 0.453991 
-0.951057 -0.000000 0.309017 
-0.891007 -0.000000 0.453991 
-0.720839 -0.523721 0.453991 
-0.654508 -0.475528 0.587785 
-0.654508 -0.475528 0.587785 
-0.809017 -0.000000 0.587785 
-0.891007 -0.000000 0.453991 
-0.809017 -0.000000 0.587785 
-0.654508 -0.475528 0.587785 
-0.572061 -0.415627 0.707107 
-0.572061 -0.415627 0.707107 
-0.707107 -0.000000 0.707107 
-0.809017 -0.000000 0.587785 
-0.707107 -0.000000 0.707107 
-0.572061 -0.415627 0.707107 
-0.475528 -0.345492 0.809017 
-0.475528 -0.345492 0.809017 
-0.587785 -0.000000 0.809017 
-0.707107 -0.000000 0.707107 
-0.587785 -0.000000 0.809017 
-0.475528 -0.345492 0.809017 
-0.367286 -0.266849 0.891007 
-0.367286 -0.266849 0.891007 
-0.453991 -0.000000 0.891007 
-0.587785 -0.000000 0.809017 
-0.453991 -0.000000 0.891007 
-0.367286 -0.266849 0.891007 
-0.250000 -0.181636 0.951057 
-0.250000 -0.181636 0.951057 
-0.309017 -0.000000 0.951057 
-0.453991 -0.000000 0.891007 
-0.309017 -0.000000 0.951057 
-0.250000 -0.181636 0.951057 
-0.126558 -0.091950 0.987688 
-0.126558 -0.091950 0.987688 
-0.156434 -0.000000 0.987688 
-0.309017 -0.000000 0.951057 
0.000000 0.000000 1.000000 
-0.156434 -0.000000 0.987688 
-0.126558 -0.091950 0.987688 
-0.048341 -0.148778 -0.987688 
-0.126558 -0.091950 -0.987688 
0.000000 0.000000 -1.000000 
-0.126558 -0.091950 -0.987688 
-0.048341 -0.148778 -0.987688 
-0.095492 -0.293893 -0.951057 
-0.095492 -0.293893 -0.951057 
-0.250000 -0.181636 -0.951057 
-0.126558 -0.091950 -0.987688 
-0.250000 -0.181636 -0.951057 
-0.095492 -0.293893 -0.951057 
-0.140291 -0.431771 -0.891007 
-0.140291 -0.431771 -0.891007 
-0.367286 -0.266849 -0.891007 
-0.250000 -0.181636 -0.951057 
-0.367286 -0.266849 -0.891007 
-0.140291 -0.431771 -0.891007 
-0.181636 -0.559017 -0.809017 
-0.181636 -0.559017 -0.809017 
-0.475528 -0.345492 -0.809017 
-0.367286 -0.266849 -0.891007 
-0.475528 -0.345492 -0.809017 
-0.181636 -0.559017 -0.809017 
-0.218508 -0.672498 -0.707107 
-0.218508 -0.672498 -0.707107 
-0.572061 -0.415627 -0.707107 
-0.475528 -0.345492 -0.809017 
-0.572061 -0.415627 -0.707107 
-0.218508 -0.672498 -0.707107 
-0.250000 -0.769421 -0.587785 
-0.250000 -0.769421 -0.587785 
-0.654508 -0.475528 -0.587785 
-0.572061 -0.415627 -0.707107 
-0.654508 -0.475528 -0.587785 
-0.250000 -0.769421 -0.587785 
-0.275336 -0.847398 -0.453991 
-0.275336 -0.847398 -0.453991 
-0.720839 -0.523721 -0.453991 
-0.654508 -0.475528 -0.587785 
-0.720839 -0.523721 -0.453991 
-0.275336 -0.847398 -0.453991 
-0.293893 -0.904508 -0.309017 
-0.293893 -0.904508 -0.309017 
-0.769421 -0.559017 -0.309017 
-0.720839 -0.523721 -0.453991 
-0.769421 -0.559017 -0.309017 
-0.293893 -0.904508 -0.309017 
-0.305213 -0.939347 -0.156434 
-0.305213 -0.939347 -0.156434 
-0.799057 -0.580549 -0.156434 
-0.769421 -0.559017 -0.309017 
-0.799057 -0.580549 -0.156434 
-0.305213 -0.939347 -0.156434 
-0.309017 -0.951056 0.000000 
-0.309017 -0.951056 0.000000 
-0.809017 -0.587785 0.000000 
-0.799057 -0.580549 -0.156434 
-0.809017 -0.587785 0.000000 
-0.309017 -0.951056 0.000000 
-0.305213 -0.939347 0.156434 
-0.305213 -0.939347 0.156434 
-0.799057 -0.580549 0.156434 
-0.809017 -0.587785 0.000000 
-0.799057 -0.580549 0.156434 
-0.305213 -0.939347 0.156434 
-0.293893 -0.904508 0.309017 
-0.293893 -0.904508 0.309017 
-0.769421 -0.559017 0.309017 
-0.799057 -0.580549 0.156434 
-0.769421 -0.559017 0.309017 
-0.293893 -0.904508 0.309017 
-0.275336 -0.847398 0.453991 
-0.275336 -0.847398 0.453991 
-0.720839 -0.523721 0.453991 
-0.769421 -0.559017 0.309017 
-0.720839 -0.523721 0.453991 
-0.275336 -0.847398 0.453991 
-0.250000 -0.769421 0.587785 
-0.250000 -0.769421 0.587785 
-0.654508 -0.475528 0.587785 
-0.720839 -0.523721 0.453991 
-0.654508 -0.475528 0.587785 
-0.250000 -0.769421 0.587785 
-0.218508 -0.672498 0.707107 
-0.218508 -0.672498 0.707107 
-0.572061 -0.415627 0.707107 
-0.654508 -0.475528 0.587785 
-0.572061 -0.415627 0.707107 
-0.218508 -0.672498 0.707107 
-0.181636 -0.559017 0.809017 
-0.181636 -0.559017 0.809017 
-0.475528 -0.345492 0.809017 
-0.572061 -0.415627 0.707107 
-0.475528 -0.345492 0.809017 
-0.181636 -0.559017 0.809017 
-0.140291 -0.431771 0.891007 
-0.140291 -0.431771 0.891007 
-0.367286 -0.266849 0.891007 
-0.475528 -0.345492 0.809017 
-0.367286 -0.266849 0.891007 
-0.140291 -0.431771 0.891007 
-0.095492 -0.293893 0.951057 
-0.095492 -0.293893 0.951057 
-0.250000 -0.181636 0.951057 
-0.367286 -0.266849 0.891007 
-0.250000 -0.181636 0.951057 
-0.095492 -0.293893 0.951057 
-0.048341 -0.148778 0.987688 
-0.048341 -0.148778 0.987688 
-0.126558 -0.091950 0.987688 
-0.250000 -0.181636 0.951057 
0.000000 0.000000 1.000000 
-0.126558 -0.091950 0.987688 
-0.048341 -0.148778 0.987688 
0.048341 -0.148778 -0.987688 
-0.048341 -0.148778 -0.987688 
0.000000 0.000000 -1.000000 
-0.048341 -0.148778 -0.987688 
0.048341 -0.148778 -0.987688 
0.095492 -0.293893 -0.951057 
0.095492 -0.293893 -0.951057 
-0.095492 -0.293893 -0.951057 
-0.048341 -0.148778 -0.987688 
-0.095492 -0.293893 -0.951057 
0.095492 -0.293893 -0.951057 
0.140291 -0.431771 -0.891007 
0.140291 -0.431771 -0.891007 
-0.140291 -0.431771 -0.891007 
-0.095492 -0.293893 -0.951057 
-0.140291 -0.431771 -0.891007 
0.140291 -0.431771 -0.891007 
0.181636 -0.559017 -0.809017 
0.181636 -0.559017 -0.809017 
-0.181636 -0.559017 -0.809017 
-0.140291 -0.431771 -0.891007 
-0.181636 -0.559017 -0.809017 
0.181636 -0.559017 -0.809017 
0.218508 -0.672498 -0.707107 
0.218508 -0.672498 -0.707107 
-0.218508 -0.672498 -0.707107 
-0.181636 -0.559017 -0.809017 
-0.218508 -0.672498 -0.707107 
0.218508 -0.672498 -0.707107 
0.250000 -0.769421 -0.587785 
0.250000 -0.769421 -0.587785 
-0.250000 -0.769421 -0.587785 
-0.218508 -0.672498 -0.707107 
-0.250000 -0.769421 -0.587785 
0.250000 -0.769421 -0.587785 
0.275336 -0.847398 -0.453991 
0.275336 -0.847398 -0.453991 
-0.275336 -0.847398 -0.453991 
-0.250000 -0.769421 -0.587785 
-0.275336 -0.847398 -0.453991 
0.275336 -0.847398 -0.453991 
0.293893 -0.904508 -0.309017 
0.293893 -0.904508 -0.309017 
-0.293893 -0.904508 -0.309017 
-0.275336 -0.847398 -0.453991 
-0.293893 -0.904508 -0.309017 
0.293893 -0.904508 -0.309017 
0.305213 -0.939347 -0.156434 
0.305213 -0.939347 -0.156434 
-0.305213 -0.939347 -0.156434 
-0.293893 -0.904508 -0.309017 
-0.305213 -0.939347 -0.156434 
0.305213 -0.939347 -0.156434 
0.309017 -0.951056 0.000000 
0.309017 -0.951056 0.000000 
-0.309017 -0.951056 0.000000 
-0.305213 -0.939347 -0.156434 
-0.309017 -0.951056 0.000000 
0.309017 -0.951056 0.000000 
0.305213 -0.939347 0.156434 
0.305213 -0.939347 0.156434 
-0.305213 -0.939347 0.156434 
-0.309017 -0.951056 0.000000 
-0.305213 -0.939347 0.156434 
0.305213 -0.939347 0.156434 
0.293893 -0.904508 0.309017 
0.293893 -0.904508 0.309017 
-0.293893 -0.904508 0.309017 
-0.305213 -0.939347 0.156434 
-0.293893 -0.904508 0.309017 
0.293893 -0.904508 0.309017 
0.275336 -0.847398 0.453991 
0.275336 -0.847398 0.453991 
-0.275336 -0.847398 0.453991 
-0.293893 -0.904508 0.309017 
-0.275336 -0.847398 0.453991 
0.275336 -0.847398 0.453991 
0.250000 -0.769421 0.587785 
0.250000 -0.769421 0.587785 
-0.250000 -0.769421 0.587785 
-0.275336 -0.847398 0.453991 
-0.250000 -0.769421 0.587785 
0.250000 -0.769421 0.587785 
0.218508 -0.672498 0.707107 
0.218508 -0.672498 0.707107 
-0.218508 -0.672498 0.707107 
-0.250000 -0.769421 0.587785 
-0.218508 -0.672498 0.707107 
0.218508 -0.672498 0.707107 
0.181636 -0.559017 0.809017 
0.181636 -0.559017 0.809017 
-0.181636 -0.559017 0.809017 
-0.218508 -0.672498 0.707107 
-0.181636 -0.559017 0.809017 
0.181636 -0.559017 0.809017 
0.140291 -0.431771 0.891007 
0.140291 -0.431771 0.891007 
-0.140291 -0.431771 0.891007 
-0.181636 -0.559017 0.809017 
-0.140291 -0.431771 0.891007 
0.140291 -0.431771 0.891007 
0.095492 -0.293893 0.951057 
0.095492 -0.293893 0.951057 
-0.095492 -0.293893 0.951057 
-0.140291 -0.431771 0.891007 
-0.095492 -0.293893 0.951057 
0.095492 -0.293893 0.951057 
0.048341 -0.148778 0.987688 
0.048341 -0.148778 0.987688 
-0.048341 -0.148778 0.987688 
-0.095492 -0.293893 0.951057 
0.000000 0.000000 1.000000 
-0.048341 -0.148778 0.987688 
0.048341 -0.148778 0.987688 
0.126558 -0.091950 -0.987688 
0.048341 -0.148778 -0.987688 
0.000000 0.000000 -1.000000 
0.048341 -0.148778 -0.987688 
0.126558 -0.091950 -0.987688 
0.250000 -0.181636 -0.951057 
0.250000 -0.181636 -0.951057 
0.095492 -0.293893 -0.951057 
0.048341 -0.148778 -0.987688 
0.095492 -0.293893 -0.951057 
0.250000 -0.181636 -0.951057 
0.367286 -0.266849 -0.891007 
0.367286 -0.266849 -0.891007 
0.140291 -0.431771 -0.891007 
0.095492 -0.293893 -0.951057 
0.140291 -0.431771 -0.891007 
0.367286 -0.266849 -0.891007 
0.475528 -0.345491 -0.809017 
0.475528 -0.345491 -0.809017 
0.181636 -0.559017 -0.809017 
0.140291 -0.431771 -0.891007 
0.181636 -0.559017 -0.809017 
0.475528 -0.345491 -0.809017 
0.572062 -0.415627 -0.707107 
0.572062 -0.415627 -0.707107 
0.218508 -0.672498 -0.707107 
0.181636 -0.559017 -0.809017 
0.218508 -0.672498 -0.707107 
0.572062 -0.415627 -0.707107 
0.654509 -0.475528 -0.587785 
0.654509 -0.475528 -0.587785 
0.250000 -0.769421 -0.587785 
0.218508 -0.672498 -0.707107 
0.250000 -0.769421 -0.587785 
0.654509 -0.475528 -0.587785 
0.720840 -0.523720 -0.453991 
0.720840 -0.523720 -0.453991 
0.275336 -0.847398 -0.453991 
0.250000 -0.769421 -0.587785 
0.275336 -0.847398 -0.453991 
0.720840 -0.523720 -0.453991 
0.769421 -0.559017 -0.309017 
0.769421 -0.559017 -0.309017 
0.293893 -0.904508 -0.309017 
0.275336 -0.847398 -0.453991 
0.293893 -0.904508 -0.309017 
0.769421 -0.559017 -0.309017 
0.799057 -0.580548 -0.156434 
0.799057 -0.580548 -0.156434 
0.305213 -0.939347 -0.156434 
0.293893 -0.904508 -0.309017 
0.305213 -0.939347 -0.156434 
0.799057 -0.580548 -0.156434 
0.809017 -0.587785 0.000000 
0.809017 -0.587785 0.000000 
0.309017 -0.951056 0.000000 
0.305213 -0.939347 -0.156434 
0.309017 -0.951056 0.000000 
0.809017 -0.587785 0.000000 
0.799057 -0.580548 0.156434 
0.799057 -0.580548 0.156434 
0.305213 -0.939347 0.156434 
0.309017 -0.951056 0.000000 
0.305213 -0.939347 0.156434 
0.799057 -0.580548 0.156434 
0.769421 -0.559017 0.309017 
0.769421 -0.559017 0.309017 
0.293893 -0.904508 0.309017 
0.305213 -0.939347 0.156434 
0.293893 -0.904508 0.309017 
0.769421 -0.559017 0.309017 
0.720840 -0.523720 0.453991 
0.720840 -0.523720 0.453991 
0.275336 -0.847398 0.453991 
0.293893 -0.904508 0.309017 
0.275336 -0.847398 0.453991 
0.720840 -0.523720 0.453991 
0.654509 -0.475528 0.587785 
0.654509 -0.475528 0.587785 
0.250000 -0.769421 0.587785 
0.275336 -0.847398 0.453991 
0.250000 -0.769421 0.587785 
0.654509 -0.475528 0.587785 
0.572062 -0.415627 0.707107 
0.572062 -0.415627 0.707107 
0.218508 -0.672498 0.707107 
0.250000 -0.769421 0.587785 
0.218508 -0.672498 0.707107 
0.572062 -0.415627 0.707107 
0.475528 -0.345491 0.809017 
0.475528 -0.345491 0.809017 
0.181636 -0.559017 0.809017 
0.218508 -0.672498 0.707107 
0.181636 -0.559017 0.809017 
0.475528 -0.345491 0.809017 
0.367286 -0.266849 0.891007 
0.367286 -0.266849 0.891007 
0.140291 -0.431771 0.891007 
0.181636 -0.559017 0.809017 
0.140291 -0.431771 0.891007 
0.367286 -0.266849 0.891007 
0.250000 -0.181636 0.951057 
0.250000 -0.181636 0.951057 
0.095492 -0.293893 0.951057 
0.140291 -0.431771 0.891007 
0.095492 -0.293893 0.951057 
0.250000 -0.181636 0.951057 
0.126558 -0.091950 0.987688 
0.126558 -0.091950 0.987688 
0.048341 -0.148778 0.987688 
0.095492 -0.293893 0.951057 
0.000000 0.000000 1.000000 
0.048341 -0.148778 0.987688 
0.126558 -0.091950 0.987688 
0.156434 0.000000 -0.987688 
0.126558 -0.091950 -0.987688 
0.000000 0.000000 -1.000000 
0.126558 -0.091950 -0.987688 
0.156434 0.000000 -0.987688 
0.309017 0.000000 -0.951057 
0.309017 0.000000 -0.951057 
0.250000 -0.181636 -0.951057 
0.126558 -0.091950 -0.987688 
0.250000 -0.181636 -0.951057 
0.309017 0.000000 -0.951057 
0.453991 0.000000 -0.891007 
0.453991 0.000000 -0.891007 
0.367286 -0.266849 -0.891007 
0.250000 -0.181636 -0.951057 
0.367286 -0.266849 -0.891007 
0.453991 0.000000 -0.891007 
0.587785 0.000000 -0.809017 
0.587785 0.000000 -0.809017 
0.475528 -0.345491 -0.809017 
0.367286 -0.266849 -0.891007 
0.475528 -0.345491 -0.809017 
0.587785 0.000000 -0.809017 
0.707107 0.000000 -0.707107 
0.707107 0.000000 -0.707107 
0.572062 -0.415627 -0.707107 
0.475528 -0.345491 -0.809017 
0.572062 -0.415627 -0.707107 
0.707107 0.000000 -0.707107 
0.809017 0.000000 -0.587785 
0.809017 0.000000 -0.587785 
0.654509 -0.475528 -0.587785 
0.572062 -0.415627 -0.707107 
0.654509 -0.475528 -0.587785 
0.809017 0.000000 -0.587785 
0.891007 0.000000 -0.453991 
0.891007 0.000000 -0.453991 
0.720840 -0.523720 -0.453991 
0.654509 -0.475528 -0.587785 
0.720840 -0.523720 -0.453991 
0.891007 0.000000 -0.453991 
0.951057 0.000000 -0.309017 
0.951057 0.000000 -0.309017 
0.769421 -0.559017 -0.309017 
0.720840 -0.523720 -0.453991 
0.769421 -0.559017 -0.309017 
0.951057 0.000000 -0.309017 
0.987688 0.000000 -0.156434 
0.987688 0.000000 -0.156434 
0.799057 -0.580548 -0.156434 
0.769421 -0.559017 -0.309017 
0.799057 -0.580548 -0.156434 
0.987688 0.000000 -0.156434 
1.000000 0.000000 0.000000 
1.000000 0.000000 0.000000 
0.809017 -0.587785 0.000000 
0.799057 -0.580548 -0.156434 
0.809017 -0.587785 0.000000 
1.000000 0.000000 0.000000 
0.987688 0.000000 0.156434 
0.987688 0.000000 0.156434 
0.799057 -0.580548 0.156434 
0.809017 -0.587785 0.000000 
0.799057 -0.580548 0.156434 
0.987688 0.000000 0.156434 
0.951057 0.000000 0.309017 
0.951057 0.000000 0.309017 
0.769421 -0.559017 0.309017 
0.799057 -0.580548 0.156434 
0.769421 -0.559017 0.309017 
0.951057 0.000000 0.309017 
0.891007 0.000000 0.453991 
0.891007 0.000000 0.453991 
0.720840 -0.523720 0.453991 
0.769421 -0.559017 0.309017 
0.720840 -0.523720 0.453991 
0.891007 0.000000 0.453991 
0.809017 0.000000 0.587785 
0.809017 0.000000 0.587785 
0.654509 -0.475528 0.587785 
0.720840 -0.523720 0.453991 
0.654509 -0.475528 0.587785 
0.809017 0.000000 0.587785 
0.707107 0.000000 0.707107 
0.707107 0.000000 0.707107 
0.572062 -0.415627 0.707107 
0.654509 -0.475528 0.587785 
0.572062 -0.415627 0.707107 
0.707107 0.000000 0.707107 
0.587785 0.000000 0.809017 
0.587785 0.000000 0.809017 
0.475528 -0.345491 0.809017 
0.572062 -0.415627 0.707107 
0.475528 -0.345491 0.809017 
0.587785 0.000000 0.809017 
0.453991 0.000000 0.891007 
0.453991 0.000000 0.891007 
0.367286 -0.266849 0.891007 
0.475528 -0.345491 0.809017 
0.367286 -0.266849 0.891007 
0.453991 0.000000 0.891007 
0.309017 0.000000 0.951057 
0.309017 0.000000 0.951057 
0.250000 -0.181636 0.951057 
0.367286 -0.266849 0.891007 
0.250000 -0.181636 0.951057 
0.309017 0.000000 0.951057 
0.156434 0.000000 0.987688 
0.156434 0.000000 0.987688 
0.126558 -0.091950 0.987688 
0.250000 -0.181636 0.951057 
0.000000 0.000000 1.000000 
0.126558 -0.091950 0.987688 
0.156434 0.000000 0.987688 
