1800
0.000000
0.000000
0.000000
1.763356
0.000000
2.427051
0.000000
0.000000
3.000000
1.587020
0.300000
2.184346
0.000000
0.000000
3.000000
1.763356
0.000000
2.427051
0.000000
0.300000
2.700000
0.000000
0.000000
3.000000
1.587020
0.300000
2.184346
1.410685
0.600000
1.941641
0.000000
0.300000
2.700000
1.587020
0.300000
2.184346
0.000000
0.600000
2.400000
0.000000
0.300000
2.700000
1.410685
0.600000
1.941641
1.234349
0.900000
1.698936
0.000000
0.600000
2.400000
1.410685
0.600000
1.941641
0.000000
0.900000
2.100000
0.000000
0.600000
2.400000
1.234349
0.900000
1.698936
1.058013
1.200000
1.456231
0.000000
0.900000
2.100000
1.234349
0.900000
1.698936
0.000000
1.200000
1.800000
0.000000
0.900000
2.100000
1.058013
1.200000
1.456231
0.881678
1.500000
1.213526
0.000000
1.200000
1.800000
1.058013
1.200000
1.456231
0.000000
1.500000
1.500000
0.000000
1.200000
1.800000
0.881678
1.500000
1.213526
0.705342
1.800000
0.970820
0.000000
1.500000
1.500000
0.881678
1.500000
1.213526
0.000000
1.800000
1.200000
0.000000
1.500000
1.500000
0.705342
1.800000
0.970820
0.529007
2.100000
0.728115
0.000000
1.800000
1.200000
0.705342
1.800000
0.970820
0.000000
2.100000
0.900000
0.000000
1.800000
1.200000
0.529007
2.100000
0.728115
0.352671
2.400000
0.485410
0.000000
2.100000
0.900000
0.529007
2.100000
0.728115
0.000000
2.400000
0.600000
0.000000
2.100000
0.900000
0.352671
2.400000
0.485410
0.176336
2.700000
0.242705
0.000000
2.400000
0.600000
0.352671
2.400000
0.485410
0.000000
2.700000
0.300000
0.000000
2.400000
0.600000
0.176336
2.700000
0.242705
0.000000
3.000000
0.000000
0.000000
2.700000
0.300000
0.176336
2.700000
0.242705
0.000000
0.000000
0.000000
2.853170
0.000000
0.927051
1.763356
0.000000
2.427051
2.567853
0.300000
0.834346
1.763356
0.000000
2.427051
2.853170
0.000000
0.927051
1.587020
0.300000
2.184346
1.763356
0.000000
2.427051
2.567853
0.300000
0.834346
2.282536
0.600000
0.741641
1.587020
0.300000
2.184346
2.567853
0.300000
0.834346
1.410685
0.600000
1.941641
1.587020
0.300000
2.184346
2.282536
0.600000
0.741641
1.997219
0.900000
0.648936
1.410685
0.600000
1.941641
2.282536
0.600000
0.741641
1.234349
0.900000
1.698936
1.410685
0.600000
1.941641
1.997219
0.900000
0.648936
1.711902
1.200000
0.556231
1.234349
0.900000
1.698936
1.997219
0.900000
0.648936
1.058013
1.200000
1.456231
1.234349
0.900000
1.698936
1.711902
1.200000
0.556231
1.426585
1.500000
0.463525
1.058013
1.200000
1.456231
1.711902
1.200000
0.556231
0.881678
1.500000
1.213526
1.058013
1.200000
1.456231
1.426585
1.500000
0.463525
1.141268
1.800000
0.370820
0.881678
1.500000
1.213526
1.426585
1.500000
0.463525
0.705342
1.800000
0.970820
0.881678
1.500000
1.213526
1.141268
1.800000
0.370820
0.855951
2.100000
0.278115
0.705342
1.800000
0.970820
1.141268
1.800000
0.370820
0.529007
2.100000
0.728115
0.705342
1.800000
0.970820
0.855951
2.100000
0.278115
0.570634
2.400000
0.185410
0.529007
2.100000
0.728115
0.855951
2.100000
0.278115
0.352671
2.400000
0.485410
0.529007
2.100000
0.728115
0.570634
2.400000
0.185410
0.285317
2.700000
0.092705
0.352671
2.400000
0.485410
0.570634
2.400000
0.185410
0.176336
2.700000
0.242705
0.352671
2.400000
0.485410
0.285317
2.700000
0.092705
0.000000
3.000000
0.000000
0.176336
2.700000
0.242705
0.285317
2.700000
0.092705
0.000000
0.000000
0.000000
2.853169
0.000000
-0.927051
2.853170
0.000000
0.927051
2.567852
0.300000
-0.834346
2.853170
0.000000
0.927051
2.853169
0.000000
-0.927051
2.567853
0.300000
0.834346
2.853170
0.000000
0.927051
2.567852
0.300000
-0.834346
2.282536
0.600000
-0.741641
2.567853
0.300000
0.834346
2.567852
0.300000
-0.834346
2.282536
0.600000
0.741641
2.567853
0.300000
0.834346
2.282536
0.600000
-0.741641
1.997219
0.900000
-0.648936
2.282536
0.600000
0.741641
2.282536
0.600000
-0.741641
1.997219
0.900000
0.648936
2.282536
0.600000
0.741641
1.997219
0.900000
-0.648936
1.711902
1.200000
-0.556231
1.997219
0.900000
0.648936
1.997219
0.900000
-0.648936
1.711902
1.200000
0.556231
1.997219
0.900000
0.648936
1.711902
1.200000
-0.556231
1.426585
1.500000
-0.463526
1.711902
1.200000
0.556231
1.711902
1.200000
-0.556231
1.426585
1.500000
0.463525
1.711902
1.200000
0.556231
1.426585
1.500000
-0.463526
1.141268
1.800000
-0.370820
1.426585
1.500000
0.463525
1.426585
1.500000
-0.463526
1.141268
1.800000
0.370820
1.426585
1.500000
0.463525
1.141268
1.800000
-0.370820
0.855951
2.100000
-0.278115
1.141268
1.800000
0.370820
1.141268
1.800000
-0.370820
0.855951
2.100000
0.278115
1.141268
1.800000
0.370820
0.855951
2.100000
-0.278115
0.570634
2.400000
-0.185410
0.855951
2.100000
0.278115
0.855951
2.100000
-0.278115
0.570634
2.400000
0.185410
0.855951
2.100000
0.278115
0.570634
2.400000
-0.185410
0.285317
2.700000
-0.092705
0.570634
2.400000
0.185410
0.570634
2.400000
-0.185410
0.285317
2.700000
0.092705
0.570634
2.400000
0.185410
0.285317
2.700000
-0.092705
0.000000
3.000000
0.000000
0.285317
2.700000
0.092705
0.285317
2.700000
-0.092705
0.000000
0.000000
0.000000
1.763355
0.000000
-2.427051
2.853169
0.000000
-0.927051
1.587020
0.300000
-2.184346
2.853169
0.000000
-0.927051
1.763355
0.000000
-2.427051
2.567852
0.300000
-0.834346
2.853169
0.000000
-0.927051
1.587020
0.300000
-2.184346
1.410684
0.600000
-1.941641
2.567852
0.300000
-0.834346
1.587020
0.300000
-2.184346
2.282536
0.600000
-0.741641
2.567852
0.300000
-0.834346
1.410684
0.600000
-1.941641
1.234349
0.900000
-1.698936
2.282536
0.600000
-0.741641
1.410684
0.600000
-1.941641
1.997219
0.900000
-0.648936
2.282536
0.600000
-0.741641
1.234349
0.900000
-1.698936
1.058013
1.200000
-1.456231
1.997219
0.900000
-0.648936
1.234349
0.900000
-1.698936
1.711902
1.200000
-0.556231
1.997219
0.900000
-0.648936
1.058013
1.200000
-1.456231
0.881678
1.500000
-1.213526
1.711902
1.200000
-0.556231
1.058013
1.200000
-1.456231
1.426585
1.500000
-0.463526
1.711902
1.200000
-0.556231
0.881678
1.500000
-1.213526
0.705342
1.800000
-0.970820
1.426585
1.500000
-0.463526
0.881678
1.500000
-1.213526
1.141268
1.800000
-0.370820
1.426585
1.500000
-0.463526
0.705342
1.800000
-0.970820
0.529007
2.100000
-0.728115
1.141268
1.800000
-0.370820
0.705342
1.800000
-0.970820
0.855951
2.100000
-0.278115
1.141268
1.800000
-0.370820
0.529007
2.100000
-0.728115
0.352671
2.400000
-0.485410
0.855951
2.100000
-0.278115
0.529007
2.100000
-0.728115
0.570634
2.400000
-0.185410
0.855951
2.100000
-0.278115
0.352671
2.400000
-0.485410
0.176336
2.700000
-0.242705
0.570634
2.400000
-0.185410
0.352671
2.400000
-0.485410
0.285317
2.700000
-0.092705
0.570634
2.400000
-0.185410
0.176336
2.700000
-0.242705
0.000000
3.000000
0.000000
0.285317
2.700000
-0.092705
0.176336
2.700000
-0.242705
0.000000
0.000000
0.000000
-0.000000
0.000000
-3.000000
1.763355
0.000000
-2.427051
-0.000000
0.300000
-2.700000
1.763355
0.000000
-2.427051
-0.000000
0.000000
-3.000000
1.587020
0.300000
-2.184346
1.763355
0.000000
-2.427051
-0.000000
0.300000
-2.700000
-0.000000
0.600000
-2.400000
1.587020
0.300000
-2.184346
-0.000000
0.300000
-2.700000
1.410684
0.600000
-1.941641
1.587020
0.300000
-2.184346
-0.000000
0.600000
-2.400000
-0.000000
0.900000
-2.100000
1.410684
0.600000
-1.941641
-0.000000
0.600000
-2.400000
1.234349
0.900000
-1.698936
1.410684
0.600000
-1.941641
-0.000000
0.900000
-2.100000
-0.000000
1.200000
-1.800000
1.234349
0.900000
-1.698936
-0.000000
0.900000
-2.100000
1.058013
1.200000
-1.456231
1.234349
0.900000
-1.698936
-0.000000
1.200000
-1.800000
-0.000000
1.500000
-1.500000
1.058013
1.200000
-1.456231
-0.000000
1.200000
-1.800000
0.881678
1.500000
-1.213526
1.058013
1.200000
-1.456231
-0.000000
1.500000
-1.500000
-0.000000
1.800000
-1.200000
0.881678
1.500000
-1.213526
-0.000000
1.500000
-1.500000
0.705342
1.800000
-0.970820
0.881678
1.500000
-1.213526
-0.000000
1.800000
-1.200000
-0.000000
2.100000
-0.900000
0.705342
1.800000
-0.970820
-0.000000
1.800000
-1.200000
0.529007
2.100000
-0.728115
0.705342
1.800000
-0.970820
-0.000000
2.100000
-0.900000
-0.000000
2.400000
-0.600000
0.529007
2.100000
-0.728115
-0.000000
2.100000
-0.900000
0.352671
2.400000
-0.485410
0.529007
2.100000
-0.728115
-0.000000
2.400000
-0.600000
-0.000000
2.700000
-0.300000
0.352671
2.400000
-0.485410
-0.000000
2.400000
-0.600000
0.176336
2.700000
-0.242705
0.352671
2.400000
-0.485410
-0.000000
2.700000
-0.300000
0.000000
3.000000
0.000000
0.176336
2.700000
-0.242705
-0.000000
2.700000
-0.300000
0.000000
0.000000
0.000000
-1.763356
0.000000
-2.427051
-0.000000
0.000000
-3.000000
-1.587021
0.300000
-2.184346
-0.000000
0.000000
-3.000000
-1.763356
0.000000
-2.427051
-0.000000
0.300000
-2.700000
-0.000000
0.000000
-3.000000
-1.587021
0.300000
-2.184346
-1.410685
0.600000
-1.941641
-0.000000
0.300000
-2.700000
-1.587021
0.300000
-2.184346
-0.000000
0.600000
-2.400000
-0.000000
0.300000
-2.700000
-1.410685
0.600000
-1.941641
-1.234349
0.900000
-1.698936
-0.000000
0.600000
-2.400000
-1.410685
0.600000
-1.941641
-0.000000
0.900000
-2.100000
-0.000000
0.600000
-2.400000
-1.234349
0.900000
-1.698936
-1.058014
1.200000
-1.456231
-0.000000
0.900000
-2.100000
-1.234349
0.900000
-1.698936
-0.000000
1.200000
-1.800000
-0.000000
0.900000
-2.100000
-1.058014
1.200000
-1.456231
-0.881678
1.500000
-1.213525
-0.000000
1.200000
-1.800000
-1.058014
1.200000
-1.456231
-0.000000
1.500000
-1.500000
-0.000000
1.200000
-1.800000
-0.881678
1.500000
-1.213525
-0.705342
1.800000
-0.970820
-0.000000
1.500000
-1.500000
-0.881678
1.500000
-1.213525
-0.000000
1.800000
-1.200000
-0.000000
1.500000
-1.500000
-0.705342
1.800000
-0.970820
-0.529007
2.100000
-0.728115
-0.000000
1.800000
-1.200000
-0.705342
1.800000
-0.970820
-0.000000
2.100000
-0.900000
-0.000000
1.800000
-1.200000
-0.529007
2.100000
-0.728115
-0.352671
2.400000
-0.485410
-0.000000
2.100000
-0.900000
-0.529007
2.100000
-0.728115
-0.000000
2.400000
-0.600000
-0.000000
2.100000
-0.900000
-0.352671
2.400000
-0.485410
-0.176336
2.700000
-0.242705
-0.000000
2.400000
-0.600000
-0.352671
2.400000
-0.485410
-0.000000
2.700000
-0.300000
-0.000000
2.400000
-0.600000
-0.176336
2.700000
-0.242705
0.000000
3.000000
0.000000
-0.000000
2.700000
-0.300000
-0.176336
2.700000
-0.242705
0.000000
0.000000
0.000000
-2.853169
0.000000
-0.927051
-1.763356
0.000000
-2.427051
-2.567852
0.300000
-0.834346
-1.763356
0.000000
-2.427051
-2.853169
0.000000
-0.927051
-1.587021
0.300000
-2.184346
-1.763356
0.000000
-2.427051
-2.567852
0.300000
-0.834346
-2.282536
0.600000
-0.741641
-1.587021
0.300000
-2.184346
-2.567852
0.300000
-0.834346
-1.410685
0.600000
-1.941641
-1.587021
0.300000
-2.184346
-2.282536
0.600000
-0.741641
-1.997219
0.900000
-0.648936
-1.410685
0.600000
-1.941641
-2.282536
0.600000
-0.741641
-1.234349
0.900000
-1.698936
-1.410685
0.600000
-1.941641
-1.997219
0.900000
-0.648936
-1.711902
1.200000
-0.556231
-1.234349
0.900000
-1.698936
-1.997219
0.900000
-0.648936
-1.058014
1.200000
-1.456231
-1.234349
0.900000
-1.698936
-1.711902
1.200000
-0.556231
-1.426585
1.500000
-0.463526
-1.058014
1.200000
-1.456231
-1.711902
1.200000
-0.556231
-0.881678
1.500000
-1.213525
-1.058014
1.200000
-1.456231
-1.426585
1.500000
-0.463526
-1.141268
1.800000
-0.370821
-0.881678
1.500000
-1.213525
-1.426585
1.500000
-0.463526
-0.705342
1.800000
-0.970820
-0.881678
1.500000
-1.213525
-1.141268
1.800000
-0.370821
-0.855951
2.100000
-0.278115
-0.705342
1.800000
-0.970820
-1.141268
1.800000
-0.370821
-0.529007
2.100000
-0.728115
-0.705342
1.800000
-0.970820
-0.855951
2.100000
-0.278115
-0.570634
2.400000
-0.185410
-0.529007
2.100000
-0.728115
-0.855951
2.100000
-0.278115
-0.352671
2.400000
-0.485410
-0.529007
2.100000
-0.728115
-0.570634
2.400000
-0.185410
-0.285317
2.700000
-0.092705
-0.352671
2.400000
-0.485410
-0.570634
2.400000
-0.185410
-0.176336
2.700000
-0.242705
-0.352671
2.400000
-0.485410
-0.285317
2.700000
-0.092705
0.000000
3.000000
0.000000
-0.176336
2.700000
-0.242705
-0.285317
2.700000
-0.092705
0.000000
0.000000
0.000000
-2.853169
0.000000
0.927051
-2.853169
0.000000
-0.927051
-2.567852
0.300000
0.834346
-2.853169
0.000000
-0.927051
-2.853169
0.000000
0.927051
-2.567852
0.300000
-0.834346
-2.853169
0.000000
-0.927051
-2.567852
0.300000
0.834346
-2.282536
0.600000
0.741641
-2.567852
0.300000
-0.834346
-2.567852
0.300000
0.834346
-2.282536
0.600000
-0.741641
-2.567852
0.300000
-0.834346
-2.282536
0.600000
0.741641
-1.997219
0.900000
0.648936
-2.282536
0.600000
-0.741641
-2.282536
0.600000
0.741641
-1.997219
0.900000
-0.648936
-2.282536
0.600000
-0.741641
-1.997219
0.900000
0.648936
-1.711902
1.200000
0.556231
-1.997219
0.900000
-0.648936
-1.997219
0.900000
0.648936
-1.711902
1.200000
-0.556231
-1.997219
0.900000
-0.648936
-1.711902
1.200000
0.556231
-1.426585
1.500000
0.463526
-1.711902
1.200000
-0.556231
-1.711902
1.200000
0.556231
-1.426585
1.500000
-0.463526
-1.711902
1.200000
-0.556231
-1.426585
1.500000
0.463526
-1.141268
1.800000
0.370821
-1.426585
1.500000
-0.463526
-1.426585
1.500000
0.463526
-1.141268
1.800000
-0.370821
-1.426585
1.500000
-0.463526
-1.141268
1.800000
0.370821
-0.855951
2.100000
0.278115
-1.141268
1.800000
-0.370821
-1.141268
1.800000
0.370821
-0.855951
2.100000
-0.278115
-1.141268
1.800000
-0.370821
-0.855951
2.100000
0.278115
-0.570634
2.400000
0.185410
-0.855951
2.100000
-0.278115
-0.855951
2.100000
0.278115
-0.570634
2.400000
-0.185410
-0.855951
2.100000
-0.278115
-0.570634
2.400000
0.185410
-0.285317
2.700000
0.092705
-0.570634
2.400000
-0.185410
-0.570634
2.400000
0.185410
-0.285317
2.700000
-0.092705
-0.570634
2.400000
-0.185410
-0.285317
2.700000
0.092705
0.000000
3.000000
0.000000
-0.285317
2.700000
-0.092705
-0.285317
2.700000
0.092705
0.000000
0.000000
0.000000
-1.763355
0.000000
2.427052
-2.853169
0.000000
0.927051
-1.587019
0.300000
2.184347
-2.853169
0.000000
0.927051
-1.763355
0.000000
2.427052
-2.567852
0.300000
0.834346
-2.853169
0.000000
0.927051
-1.587019
0.300000
2.184347
-1.410684
0.600000
1.941641
-2.567852
0.300000
0.834346
-1.587019
0.300000
2.184347
-2.282536
0.600000
0.741641
-2.567852
0.300000
0.834346
-1.410684
0.600000
1.941641
-1.234348
0.900000
1.698936
-2.282536
0.600000
0.741641
-1.410684
0.600000
1.941641
-1.997219
0.900000
0.648936
-2.282536
0.600000
0.741641
-1.234348
0.900000
1.698936
-1.058013
1.200000
1.456231
-1.997219
0.900000
0.648936
-1.234348
0.900000
1.698936
-1.711902
1.200000
0.556231
-1.997219
0.900000
0.648936
-1.058013
1.200000
1.456231
-0.881677
1.500000
1.213526
-1.711902
1.200000
0.556231
-1.058013
1.200000
1.456231
-1.426585
1.500000
0.463526
-1.711902
1.200000
0.556231
-0.881677
1.500000
1.213526
-0.705342
1.800000
0.970821
-1.426585
1.500000
0.463526
-0.881677
1.500000
1.213526
-1.141268
1.800000
0.370821
-1.426585
1.500000
0.463526
-0.705342
1.800000
0.970821
-0.529006
2.100000
0.728116
-1.141268
1.800000
0.370821
-0.705342
1.800000
0.970821
-0.855951
2.100000
0.278115
-1.141268
1.800000
0.370821
-0.529006
2.100000
0.728116
-0.352671
2.400000
0.485410
-0.855951
2.100000
0.278115
-0.529006
2.100000
0.728116
-0.570634
2.400000
0.185410
-0.855951
2.100000
0.278115
-0.352671
2.400000
0.485410
-0.176335
2.700000
0.242705
-0.570634
2.400000
0.185410
-0.352671
2.400000
0.485410
-0.285317
2.700000
0.092705
-0.570634
2.400000
0.185410
-0.176335
2.700000
0.242705
0.000000
3.000000
0.000000
-0.285317
2.700000
0.092705
-0.176335
2.700000
0.242705
0.000000
0.000000
0.000000
0.000001
0.000000
3.000000
-1.763355
0.000000
2.427052
0.000000
0.300000
2.700000
-1.763355
0.000000
2.427052
0.000001
0.000000
3.000000
-1.587019
0.300000
2.184347
-1.763355
0.000000
2.427052
0.000000
0.300000
2.700000
0.000000
0.600000
2.400000
-1.587019
0.300000
2.184347
0.000000
0.300000
2.700000
-1.410684
0.600000
1.941641
-1.587019
0.300000
2.184347
0.000000
0.600000
2.400000
0.000000
0.900000
2.100000
-1.410684
0.600000
1.941641
0.000000
0.600000
2.400000
-1.234348
0.900000
1.698936
-1.410684
0.600000
1.941641
0.000000
0.900000
2.100000
0.000000
1.200000
1.800000
-1.234348
0.900000
1.698936
0.000000
0.900000
2.100000
-1.058013
1.200000
1.456231
-1.234348
0.900000
1.698936
0.000000
1.200000
1.800000
0.000000
1.500000
1.500000
-1.058013
1.200000
1.456231
0.000000
1.200000
1.800000
-0.881677
1.500000
1.213526
-1.058013
1.200000
1.456231
0.000000
1.500000
1.500000
0.000000
1.800000
1.200000
-0.881677
1.500000
1.213526
0.000000
1.500000
1.500000
-0.705342
1.800000
0.970821
-0.881677
1.500000
1.213526
0.000000
1.800000
1.200000
0.000000
2.100000
0.900000
-0.705342
1.800000
0.970821
0.000000
1.800000
1.200000
-0.529006
2.100000
0.728116
-0.705342
1.800000
0.970821
0.000000
2.100000
0.900000
0.000000
2.400000
0.600000
-0.529006
2.100000
0.728116
0.000000
2.100000
0.900000
-0.352671
2.400000
0.485410
-0.529006
2.100000
0.728116
0.000000
2.400000
0.600000
0.000000
2.700000
0.300000
-0.352671
2.400000
0.485410
0.000000
2.400000
0.600000
-0.176335
2.700000
0.242705
-0.352671
2.400000
0.485410
0.000000
2.700000
0.300000
0.000000
3.000000
0.000000
-0.176335
2.700000
0.242705
0.000000
2.700000
0.300000
0.000000
-1.000000
0.000000
0.000000
-1.000000
0.000000
0.000000
-1.000000
0.000000
0.584190
0.110432
0.804069
0.000000
0.000000
1.000000
0.587785
0.000000
0.809017
0.000000
0.110432
0.993884
0.000000
0.000000
1.000000
0.584190
0.110432
0.804069
0.570235
0.242536
0.784862
0.000000
0.110432
0.993884
0.584190
0.110432
0.804069
0.000000
0.242536
0.970143
0.000000
0.110432
0.993884
0.570235
0.242536
0.784862
0.540260
0.393919
0.743604
0.000000
0.242536
0.970143
0.570235
0.242536
0.784862
0.000000
0.393919
0.919145
0.000000
0.242536
0.970143
0.540260
0.393919
0.743604
0.489067
0.554700
0.673143
0.000000
0.393919
0.919145
0.540260
0.393919
0.743604
0.000000
0.554700
0.832050
0.000000
0.393919
0.919145
0.489067
0.554700
0.673143
0.415627
0.707107
0.572061
0.000000
0.554700
0.832050
0.489067
0.554700
0.673143
0.000000
0.707107
0.707107
0.000000
0.554700
0.832050
0.415627
0.707107
0.572061
0.326045
0.832050
0.448762
0.000000
0.707107
0.707107
0.415627
0.707107
0.572061
0.000000
0.832050
0.554700
0.000000
0.707107
0.707107
0.326045
0.832050
0.448762
0.231540
0.919145
0.318687
0.000000
0.832050
0.554700
0.326045
0.832050
0.448762
0.000000
0.919145
0.393919
0.000000
0.832050
0.554700
0.231540
0.919145
0.318687
0.142559
0.970143
0.196215
0.000000
0.919145
0.393919
0.231540
0.919145
0.318687
0.000000
0.970143
0.242536
0.000000
0.919145
0.393919
0.142559
0.970143
0.196215
0.064910
0.993884
0.089341
0.000000
0.970143
0.242536
0.142559
0.970143
0.196215
0.000000
0.993884
0.110432
0.000000
0.970143
0.242536
0.064910
0.993884
0.089341
0.000000
1.000000
0.000000
0.000000
0.993884
0.110432
0.064910
0.993884
0.089341
0.000000
-1.000000
0.000000
0.000000
-1.000000
0.000000
0.000000
-1.000000
0.000000
0.945240
0.110432
0.307127
0.587785
0.000000
0.809017
0.951056
0.000000
0.309017
0.584190
0.110432
0.804069
0.587785
0.000000
0.809017
0.945240
0.110432
0.307127
0.922660
0.242536
0.299790
0.584190
0.110432
0.804069
0.945240
0.110432
0.307127
0.570235
0.242536
0.784862
0.584190
0.110432
0.804069
0.922660
0.242536
0.299790
0.874159
0.393919
0.284031
0.570235
0.242536
0.784862
0.922660
0.242536
0.299790
0.540260
0.393919
0.743604
0.570235
0.242536
0.784862
0.874159
0.393919
0.284031
0.791327
0.554700
0.257118
0.540260
0.393919
0.743604
0.874159
0.393919
0.284031
0.489067
0.554700
0.673143
0.540260
0.393919
0.743604
0.791327
0.554700
0.257118
0.672499
0.707107
0.218508
0.489067
0.554700
0.673143
0.791327
0.554700
0.257118
0.415627
0.707107
0.572061
0.489067
0.554700
0.673143
0.672499
0.707107
0.218508
0.527551
0.832050
0.171412
0.415627
0.707107
0.572061
0.672499
0.707107
0.218508
0.326045
0.832050
0.448762
0.415627
0.707107
0.572061
0.527551
0.832050
0.171412
0.374640
0.919145
0.121728
0.326045
0.832050
0.448762
0.527551
0.832050
0.171412
0.231540
0.919145
0.318687
0.326045
0.832050
0.448762
0.374640
0.919145
0.121728
0.230665
0.970143
0.074948
0.231540
0.919145
0.318687
0.374640
0.919145
0.121728
0.142559
0.970143
0.196215
0.231540
0.919145
0.318687
0.230665
0.970143
0.074948
0.105027
0.993884
0.034125
0.142559
0.970143
0.196215
0.230665
0.970143
0.074948
0.064910
0.993884
0.089341
0.142559
0.970143
0.196215
0.105027
0.993884
0.034125
0.000000
1.000000
0.000000
0.064910
0.993884
0.089341
0.105027
0.993884
0.034125
0.000000
-1.000000
0.000000
0.000000
-1.000000
0.000000
0.000000
-1.000000
0.000000
0.945240
0.110432
-0.307127
0.951056
0.000000
0.309017
0.951057
0.000000
-0.309017
0.945240
0.110432
0.307127
0.951056
0.000000
0.309017
0.945240
0.110432
-0.307127
0.922660
0.242536
-0.299791
0.945240
0.110432
0.307127
0.945240
0.110432
-0.307127
0.922660
0.242536
0.299790
0.945240
0.110432
0.307127
0.922660
0.242536
-0.299791
0.874159
0.393919
-0.284031
0.922660
0.242536
0.299790
0.922660
0.242536
-0.299791
0.874159
0.393919
0.284031
0.922660
0.242536
0.299790
0.874159
0.393919
-0.284031
0.791327
0.554700
-0.257118
0.874159
0.393919
0.284031
0.874159
0.393919
-0.284031
0.791327
0.554700
0.257118
0.874159
0.393919
0.284031
0.791327
0.554700
-0.257118
0.672499
0.707107
-0.218508
0.791327
0.554700
0.257118
0.791327
0.554700
-0.257118
0.672499
0.707107
0.218508
0.791327
0.554700
0.257118
0.672499
0.707107
-0.218508
0.527551
0.832050
-0.171412
0.672499
0.707107
0.218508
0.672499
0.707107
-0.218508
0.527551
0.832050
0.171412
0.672499
0.707107
0.218508
0.527551
0.832050
-0.171412
0.374640
0.919145
-0.121728
0.527551
0.832050
0.171412
0.527551
0.832050
-0.171412
0.374640
0.919145
0.121728
0.527551
0.832050
0.171412
0.374640
0.919145
-0.121728
0.230665
0.970143
-0.074948
0.374640
0.919145
0.121728
0.374640
0.919145
-0.121728
0.230665
0.970143
0.074948
0.374640
0.919145
0.121728
0.230665
0.970143
-0.074948
0.105027
0.993884
-0.034125
0.230665
0.970143
0.074948
0.230665
0.970143
-0.074948
0.105027
0.993884
0.034125
0.230665
0.970143
0.074948
0.105027
0.993884
-0.034125
0.000000
1.000000
0.000000
0.105027
0.993884
0.034125
0.105027
0.993884
-0.034125
0.000000
-1.000000
0.000000
0.000000
-1.000000
0.000000
0.000000
-1.000000
0.000000
0.584190
0.110432
-0.804069
0.951057
0.000000
-0.309017
0.587785
0.000000
-0.809017
0.945240
0.110432
-0.307127
0.951057
0.000000
-0.309017
0.584190
0.110432
-0.804069
0.570235
0.242536
-0.784862
0.945240
0.110432
-0.307127
0.584190
0.110432
-0.804069
0.922660
0.242536
-0.299791
0.945240
0.110432
-0.307127
0.570235
0.242536
-0.784862
0.540260
0.393919
-0.743604
0.922660
0.242536
-0.299791
0.570235
0.242536
-0.784862
0.874159
0.393919
-0.284031
0.922660
0.242536
-0.299791
0.540260
0.393919
-0.743604
0.489067
0.554700
-0.673143
0.874159
0.393919
-0.284031
0.540260
0.393919
-0.743604
0.791327
0.554700
-0.257118
0.874159
0.393919
-0.284031
0.489067
0.554700
-0.673143
0.415627
0.707107
-0.572061
0.791327
0.554700
-0.257118
0.489067
0.554700
-0.673143
0.672499
0.707107
-0.218508
0.791327
0.554700
-0.257118
0.415627
0.707107
-0.572061
0.326045
0.832050
-0.448762
0.672499
0.707107
-0.218508
0.415627
0.707107
-0.572061
0.527551
0.832050
-0.171412
0.672499
0.707107
-0.218508
0.326045
0.832050
-0.448762
0.231540
0.919145
-0.318687
0.527551
0.832050
-0.171412
0.326045
0.832050
-0.448762
0.374640
0.919145
-0.121728
0.527551
0.832050
-0.171412
0.231540
0.919145
-0.318687
0.142559
0.970143
-0.196215
0.374640
0.919145
-0.121728
0.231540
0.919145
-0.318687
0.230665
0.970143
-0.074948
0.374640
0.919145
-0.121728
0.142559
0.970143
-0.196215
0.064910
0.993884
-0.089341
0.230665
0.970143
-0.074948
0.142559
0.970143
-0.196215
0.105027
0.993884
-0.034125
0.230665
0.970143
-0.074948
0.064910
0.993884
-0.089341
0.000000
1.000000
0.000000
0.105027
0.993884
-0.034125
0.064910
0.993884
-0.089341
0.000000
-1.000000
0.000000
0.000000
-1.000000
0.000000
0.000000
-1.000000
0.000000
-0.000000
0.110432
-0.993884
0.587785
0.000000
-0.809017
-0.000000
0.000000
-1.000000
0.584190
0.110432
-0.804069
0.587785
0.000000
-0.809017
-0.000000
0.110432
-0.993884
-0.000000
0.242536
-0.970143
0.584190
0.110432
-0.804069
-0.000000
0.110432
-0.993884
0.570235
0.242536
-0.784862
0.584190
0.110432
-0.804069
-0.000000
0.242536
-0.970143
-0.000000
0.393919
-0.919145
0.570235
0.242536
-0.784862
-0.000000
0.242536
-0.970143
0.540260
0.393919
-0.743604
0.570235
0.242536
-0.784862
-0.000000
0.393919
-0.919145
-0.000000
0.554700
-0.832050
0.540260
0.393919
-0.743604
-0.000000
0.393919
-0.919145
0.489067
0.554700
-0.673143
0.540260
0.393919
-0.743604
-0.000000
0.554700
-0.832050
-0.000000
0.707107
-0.707107
0.489067
0.554700
-0.673143
-0.000000
0.554700
-0.832050
0.415627
0.707107
-0.572061
0.489067
0.554700
-0.673143
-0.000000
0.707107
-0.707107
-0.000000
0.832050
-0.554700
0.415627
0.707107
-0.572061
-0.000000
0.707107
-0.707107
0.326045
0.832050
-0.448762
0.415627
0.707107
-0.572061
-0.000000
0.832050
-0.554700
-0.000000
0.919145
-0.393919
0.326045
0.832050
-0.448762
-0.000000
0.832050
-0.554700
0.231540
0.919145
-0.318687
0.326045
0.832050
-0.448762
-0.000000
0.919145
-0.393919
-0.000000
0.970143
-0.242536
0.231540
0.919145
-0.318687
-0.000000
0.919145
-0.393919
0.142559
0.970143
-0.196215
0.231540
0.919145
-0.318687
-0.000000
0.970143
-0.242536
-0.000000
0.993884
-0.110432
0.142559
0.970143
-0.196215
-0.000000
0.970143
-0.242536
0.064910
0.993884
-0.089341
0.142559
0.970143
-0.196215
-0.000000
0.993884
-0.110432
0.000000
1.000000
0.000000
0.064910
0.993884
-0.089341
-0.000000
0.993884
-0.110432
0.000000
-1.000000
0.000000
0.000000
-1.000000
0.000000
0.000000
-1.000000
0.000000
-0.584190
0.110432
-0.804069
-0.000000
0.000000
-1.000000
-0.587785
0.000000
-0.809017
-0.000000
0.110432
-0.993884
-0.000000
0.000000
-1.000000
-0.584190
0.110432
-0.804069
-0.570236
0.242536
-0.784862
-0.000000
0.110432
-0.993884
-0.584190
0.110432
-0.804069
-0.000000
0.242536
-0.970143
-0.000000
0.110432
-0.993884
-0.570236
0.242536
-0.784862
-0.540260
0.393919
-0.743604
-0.000000
0.242536
-0.970143
-0.570236
0.242536
-0.784862
-0.000000
0.393919
-0.919145
-0.000000
0.242536
-0.970143
-0.540260
0.393919
-0.743604
-0.489067
0.554700
-0.673143
-0.000000
0.393919
-0.919145
-0.540260
0.393919
-0.743604
-0.000000
0.554700
-0.832050
-0.000000
0.393919
-0.919145
-0.489067
0.554700
-0.673143
-0.415627
0.707107
-0.572061
-0.000000
0.554700
-0.832050
-0.489067
0.554700
-0.673143
-0.000000
0.707107
-0.707107
-0.000000
0.554700
-0.832050
-0.415627
0.707107
-0.572061
-0.326045
0.832050
-0.448762
-0.000000
0.707107
-0.707107
-0.415627
0.707107
-0.572061
-0.000000
0.832050
-0.554700
-0.000000
0.707107
-0.707107
-0.326045
0.832050
-0.448762
-0.231540
0.919145
-0.318687
-0.000000
0.832050
-0.554700
-0.326045
0.832050
-0.448762
-0.000000
0.919145
-0.393919
-0.000000
0.832050
-0.554700
-0.231540
0.919145
-0.318687
-0.142559
0.970143
-0.196215
-0.000000
0.919145
-0.393919
-0.231540
0.919145
-0.318687
-0.000000
0.970143
-0.242536
-0.000000
0.919145
-0.393919
-0.142559
0.970143
-0.196215
-0.064910
0.993884
-0.089341
-0.000000
0.970143
-0.242536
-0.142559
0.970143
-0.196215
-0.000000
0.993884
-0.110432
-0.000000
0.970143
-0.242536
-0.064910
0.993884
-0.089341
0.000000
1.000000
0.000000
-0.000000
0.993884
-0.110432
-0.064910
0.993884
-0.089341
0.000000
-1.000000
0.000000
0.000000
-1.000000
0.000000
0.000000
-1.000000
0.000000
-0.945240
0.110432
-0.307127
-0.587785
0.000000
-0.809017
-0.951056
0.000000
-0.309017
-0.584190
0.110432
-0.804069
-0.587785
0.000000
-0.809017
-0.945240
0.110432
-0.307127
-0.922660
0.242536
-0.299791
-0.584190
0.110432
-0.804069
-0.945240
0.110432
-0.307127
-0.570236
0.242536
-0.784862
-0.584190
0.110432
-0.804069
-0.922660
0.242536
-0.299791
-0.874159
0.393919
-0.284032
-0.570236
0.242536
-0.784862
-0.922660
0.242536
-0.299791
-0.540260
0.393919
-0.743604
-0.570236
0.242536
-0.784862
-0.874159
0.393919
-0.284032
-0.791327
0.554700
-0.257118
-0.540260
0.393919
-0.743604
-0.874159
0.393919
-0.284032
-0.489067
0.554700
-0.673143
-0.540260
0.393919
-0.743604
-0.791327
0.554700
-0.257118
-0.672499
0.707107
-0.218508
-0.489067
0.554700
-0.673143
-0.791327
0.554700
-0.257118
-0.415627
0.707107
-0.572061
-0.489067
0.554700
-0.673143
-0.672499
0.707107
-0.218508
-0.527551
0.832050
-0.171412
-0.415627
0.707107
-0.572061
-0.672499
0.707107
-0.218508
-0.326045
0.832050
-0.448762
-0.415627
0.707107
-0.572061
-0.527551
0.832050
-0.171412
-0.374640
0.919145
-0.121728
-0.326045
0.832050
-0.448762
-0.527551
0.832050
-0.171412
-0.231540
0.919145
-0.318687
-0.326045
0.832050
-0.448762
-0.374640
0.919145
-0.121728
-0.230665
0.970143
-0.074948
-0.231540
0.919145
-0.318687
-0.374640
0.919145
-0.121728
-0.142559
0.970143
-0.196215
-0.231540
0.919145
-0.318687
-0.230665
0.970143
-0.074948
-0.105027
0.993884
-0.034125
-0.142559
0.970143
-0.196215
-0.230665
0.970143
-0.074948
-0.064910
0.993884
-0.089341
-0.142559
0.970143
-0.196215
-0.105027
0.993884
-0.034125
0.000000
1.000000
0.000000
-0.064910
0.993884
-0.089341
-0.105027
0.993884
-0.034125
0.000000
-1.000000
0.000000
0.000000
-1.000000
0.000000
0.000000
-1.000000
0.000000
-0.945240
0.110432
0.307127
-0.951056
0.000000
-0.309017
-0.951056
0.000000
0.309017
-0.945240
0.110432
-0.307127
-0.951056
0.000000
-0.309017
-0.945240
0.110432
0.307127
-0.922660
0.242536
0.299791
-0.945240
0.110432
-0.307127
-0.945240
0.110432
0.307127
-0.922660
0.242536
-0.299791
-0.945240
0.110432
-0.307127
-0.922660
0.242536
0.299791
-0.874159
0.393919
0.284032
-0.922660
0.242536
-0.299791
-0.922660
0.242536
0.299791
-0.874159
0.393919
-0.284032
-0.922660
0.242536
-0.299791
-0.874159
0.393919
0.284032
-0.791327
0.554700
0.257118
-0.874159
0.393919
-0.284032
-0.874159
0.393919
0.284032
-0.791327
0.554700
-0.257118
-0.874159
0.393919
-0.284032
-0.791327
0.554700
0.257118
-0.672499
0.707107
0.218508
-0.791327
0.554700
-0.257118
-0.791327
0.554700
0.257118
-0.672499
0.707107
-0.218508
-0.791327
0.554700
-0.257118
-0.672499
0.707107
0.218508
-0.527551
0.832050
0.171412
-0.672499
0.707107
-0.218508
-0.672499
0.707107
0.218508
-0.527551
0.832050
-0.171412
-0.672499
0.707107
-0.218508
-0.527551
0.832050
0.171412
-0.374640
0.919145
0.121728
-0.527551
0.832050
-0.171412
-0.527551
0.832050
0.171412
-0.374640
0.919145
-0.121728
-0.527551
0.832050
-0.171412
-0.374640
0.919145
0.121728
-0.230665
0.970143
0.074948
-0.374640
0.919145
-0.121728
-0.374640
0.919145
0.121728
-0.230665
0.970143
-0.074948
-0.374640
0.919145
-0.121728
-0.230665
0.970143
0.074948
-0.105027
0.993884
0.034125
-0.230665
0.970143
-0.074948
-0.230665
0.970143
0.074948
-0.105027
0.993884
-0.034125
-0.230665
0.970143
-0.074948
-0.105027
0.993884
0.034125
0.000000
1.000000
0.000000
-0.105027
0.993884
-0.034125
-0.105027
0.993884
0.034125
0.000000
-1.000000
0.000000
0.000000
-1.000000
0.000000
0.000000
-1.000000
0.000000
-0.584190
0.110432
0.804069
-0.951056
0.000000
0.309017
-0.587785
0.000000
0.809017
-0.945240
0.110432
0.307127
-0.951056
0.000000
0.309017
-0.584190
0.110432
0.804069
-0.570235
0.242536
0.784862
-0.945240
0.110432
0.307127
-0.584190
0.110432
0.804069
-0.922660
0.242536
0.299791
-0.945240
0.110432
0.307127
-0.570235
0.242536
0.784862
-0.540260
0.393919
0.743604
-0.922660
0.242536
0.299791
-0.570235
0.242536
0.784862
-0.874159
0.393919
0.284032
-0.922660
0.242536
0.299791
-0.540260
0.393919
0.743604
-0.489067
0.554700
0.673143
-0.874159
0.393919
0.284032
-0.540260
0.393919
0.743604
-0.791327
0.554700
0.257118
-0.874159
0.393919
0.284032
-0.489067
0.554700
0.673143
-0.415627
0.707107
0.572062
-0.791327
0.554700
0.257118
-0.489067
0.554700
0.673143
-0.672499
0.707107
0.218508
-0.791327
0.554700
0.257118
-0.415627
0.707107
0.572062
-0.326044
0.832050
0.448762
-0.672499
0.707107
0.218508
-0.415627
0.707107
0.572062
-0.527551
0.832050
0.171412
-0.672499
0.707107
0.218508
-0.326044
0.832050
0.448762
-0.231540
0.919145
0.318687
-0.527551
0.832050
0.171412
-0.326044
0.832050
0.448762
-0.374640
0.919145
0.121728
-0.527551
0.832050
0.171412
-0.231540
0.919145
0.318687
-0.142559
0.970143
0.196216
-0.374640
0.919145
0.121728
-0.231540
0.919145
0.318687
-0.230665
0.970143
0.074948
-0.374640
0.919145
0.121728
-0.142559
0.970143
0.196216
-0.064910
0.993884
0.089341
-0.230665
0.970143
0.074948
-0.142559
0.970143
0.196216
-0.105027
0.993884
0.034125
-0.230665
0.970143
0.074948
-0.064910
0.993884
0.089341
0.000000
1.000000
0.000000
-0.105027
0.993884
0.034125
-0.064910
0.993884
0.089341
0.000000
-1.000000
0.000000
0.000000
-1.000000
0.000000
0.000000
-1.000000
0.000000
0.000000
0.110432
0.993884
-0.587785
0.000000
0.809017
0.000000
0.000000
1.000000
-0.584190
0.110432
0.804069
-0.587785
0.000000
0.809017
0.000000
0.110432
0.993884
0.000000
0.242536
0.970143
-0.584190
0.110432
0.804069
0.000000
0.110432
0.993884
-0.570235
0.242536
0.784862
-0.584190
0.110432
0.804069
0.000000
0.242536
0.970143
0.000000
0.393919
0.919145
-0.570235
0.242536
0.784862
0.000000
0.242536
0.970143
-0.540260
0.393919
0.743604
-0.570235
0.242536
0.784862
0.000000
0.393919
0.919145
0.000000
0.554700
0.832050
-0.540260
0.393919
0.743604
0.000000
0.393919
0.919145
-0.489067
0.554700
0.673143
-0.540260
0.393919
0.743604
0.000000
0.554700
0.832050
0.000000
0.707107
0.707107
-0.489067
0.554700
0.673143
0.000000
0.554700
0.832050
-0.415627
0.707107
0.572062
-0.489067
0.554700
0.673143
0.000000
0.707107
0.707107
0.000000
0.832050
0.554700
-0.415627
0.707107
0.572062
0.000000
0.707107
0.707107
-0.326044
0.832050
0.448762
-0.415627
0.707107
0.572062
0.000000
0.832050
0.554700
0.000000
0.919145
0.393919
-0.326044
0.832050
0.448762
0.000000
0.832050
0.554700
-0.231540
0.919145
0.318687
-0.326044
0.832050
0.448762
0.000000
0.919145
0.393919
0.000000
0.970143
0.242536
-0.231540
0.919145
0.318687
0.000000
0.919145
0.393919
-0.142559
0.970143
0.196216
-0.231540
0.919145
0.318687
0.000000
0.970143
0.242536
0.000000
0.993884
0.110432
-0.142559
0.970143
0.196216
0.000000
0.970143
0.242536
-0.064910
0.993884
0.089341
-0.142559
0.970143
0.196216
0.000000
0.993884
0.110432
0.000000
1.000000
0.000000
-0.064910
0.993884
0.089341
0.000000
0.993884
0.110432
0.812500
0.180000
0.922710
0.331691
0.812500
0.367500
0.000000
0.687500
0.000000
0.625000
0.000000
0.625000
0.000000
0.687500
0.000000
0.625000
0.000000
0.687500
0.000000
0.625000
0.000000
0.562500
0.000000
0.562500
0.000000
0.625000
0.000000
0.562500
0.000000
0.625000
0.000000
0.562500
0.000000
0.500000
0.000000
0.500000
0.000000
0.562500
0.000000
0.500000
0.000000
0.562500
0.000000
0.500000
0.000000
0.437500
0.000000
0.437500
0.000000
0.500000
0.000000
0.437500
0.000000
0.500000
0.000000
0.437500
0.000000
0.375000
0.000000
0.375000
0.000000
0.437500
0.000000
0.375000
0.000000
0.437500
0.000000
0.375000
0.000000
0.312500
0.000000
0.312500
0.000000
0.375000
0.000000
0.312500
0.000000
0.375000
0.000000
0.312500
0.000000
0.250000
0.000000
0.250000
0.000000
0.312500
0.000000
0.250000
0.000000
0.312500
0.000000
0.250000
0.000000
0.187500
0.000000
0.187500
0.000000
0.250000
0.000000
0.187500
0.000000
0.250000
0.000000
0.187500
0.000000
0.125000
0.000000
0.125000
0.000000
0.187500
0.000000
0.125000
0.000000
0.187500
0.500000
1.000000
0.000000
0.000000
0.000000
0.062500
0.812500
0.180000
0.990823
0.237941
0.922710
0.331691
0.000000
0.687500
0.000000
0.625000
0.000000
0.625000
0.000000
0.687500
0.000000
0.625000
0.000000
0.687500
0.000000
0.625000
0.000000
0.562500
0.000000
0.562500
0.000000
0.625000
0.000000
0.562500
0.000000
0.625000
0.000000
0.562500
0.000000
0.500000
0.000000
0.500000
0.000000
0.562500
0.000000
0.500000
0.000000
0.562500
0.000000
0.500000
0.000000
0.437500
0.000000
0.437500
0.000000
0.500000
0.000000
0.437500
0.000000
0.500000
0.000000
0.437500
0.000000
0.375000
0.000000
0.375000
0.000000
0.437500
0.000000
0.375000
0.000000
0.437500
0.000000
0.375000
0.000000
0.312500
0.000000
0.312500
0.000000
0.375000
0.000000
0.312500
0.000000
0.375000
0.000000
0.312500
0.000000
0.250000
0.000000
0.250000
0.000000
0.312500
0.000000
0.250000
0.000000
0.312500
0.000000
0.250000
0.000000
0.187500
0.000000
0.187500
0.000000
0.250000
0.000000
0.187500
0.000000
0.250000
0.000000
0.187500
0.000000
0.125000
0.000000
0.125000
0.000000
0.187500
0.000000
0.125000
0.000000
0.187500
0.500000
1.000000
0.000000
0.000000
0.000000
0.062500
0.812500
0.180000
0.990823
0.122059
0.990823
0.237941
0.000000
0.687500
0.000000
0.625000
0.000000
0.625000
0.000000
0.687500
0.000000
0.625000
0.000000
0.687500
0.000000
0.625000
0.000000
0.562500
0.000000
0.562500
0.000000
0.625000
0.000000
0.562500
0.000000
0.625000
0.000000
0.562500
0.000000
0.500000
0.000000
0.500000
0.000000
0.562500
0.000000
0.500000
0.000000
0.562500
0.000000
0.500000
0.000000
0.437500
0.000000
0.437500
0.000000
0.500000
0.000000
0.437500
0.000000
0.500000
0.000000
0.437500
0.000000
0.375000
0.000000
0.375000
0.000000
0.437500
0.000000
0.375000
0.000000
0.437500
0.000000
0.375000
0.000000
0.312500
0.000000
0.312500
0.000000
0.375000
0.000000
0.312500
0.000000
0.375000
0.000000
0.312500
0.000000
0.250000
0.000000
0.250000
0.000000
0.312500
0.000000
0.250000
0.000000
0.312500
0.000000
0.250000
0.000000
0.187500
0.000000
0.187500
0.000000
0.250000
0.000000
0.187500
0.000000
0.250000
0.000000
0.187500
0.000000
0.125000
0.000000
0.125000
0.000000
0.187500
0.000000
0.125000
0.000000
0.187500
0.500000
1.000000
0.000000
0.000000
0.000000
0.062500
0.812500
0.180000
0.922710
0.028309
0.990823
0.122059
0.000000
0.687500
0.000000
0.625000
0.000000
0.625000
0.000000
0.687500
0.000000
0.625000
0.000000
0.687500
0.000000
0.625000
0.000000
0.562500
0.000000
0.562500
0.000000
0.625000
0.000000
0.562500
0.000000
0.625000
0.000000
0.562500
0.000000
0.500000
0.000000
0.500000
0.000000
0.562500
0.000000
0.500000
0.000000
0.562500
0.000000
0.500000
0.000000
0.437500
0.000000
0.437500
0.000000
0.500000
0.000000
0.437500
0.000000
0.500000
0.000000
0.437500
0.000000
0.375000
0.000000
0.375000
0.000000
0.437500
0.000000
0.375000
0.000000
0.437500
0.000000
0.375000
0.000000
0.312500
0.000000
0.312500
0.000000
0.375000
0.000000
0.312500
0.000000
0.375000
0.000000
0.312500
0.000000
0.250000
0.000000
0.250000
0.000000
0.312500
0.000000
0.250000
0.000000
0.312500
0.000000
0.250000
0.000000
0.187500
0.000000
0.187500
0.000000
0.250000
0.000000
0.187500
0.000000
0.250000
0.000000
0.187500
0.000000
0.125000
0.000000
0.125000
0.000000
0.187500
0.000000
0.125000
0.000000
0.187500
0.500000
1.000000
0.000000
0.000000
0.000000
0.062500
0.812500
0.180000
0.812500
-0.007500
0.922710
0.028309
0.000000
0.687500
0.000000
0.625000
0.000000
0.625000
0.000000
0.687500
0.000000
0.625000
0.000000
0.687500
0.000000
0.625000
0.000000
0.562500
0.000000
0.562500
0.000000
0.625000
0.000000
0.562500
0.000000
0.625000
0.000000
0.562500
0.000000
0.500000
0.000000
0.500000
0.000000
0.562500
0.000000
0.500000
0.000000
0.562500
0.000000
0.500000
0.000000
0.437500
0.000000
0.437500
0.000000
0.500000
0.000000
0.437500
0.000000
0.500000
0.000000
0.437500
0.000000
0.375000
0.000000
0.375000
0.000000
0.437500
0.000000
0.375000
0.000000
0.437500
0.000000
0.375000
0.000000
0.312500
0.000000
0.312500
0.000000
0.375000
0.000000
0.312500
0.000000
0.375000
0.000000
0.312500
0.000000
0.250000
0.000000
0.250000
0.000000
0.312500
0.000000
0.250000
0.000000
0.312500
0.000000
0.250000
0.000000
0.187500
0.000000
0.187500
0.000000
0.250000
0.000000
0.187500
0.000000
0.250000
0.000000
0.187500
0.000000
0.125000
0.000000
0.125000
0.000000
0.187500
0.000000
0.125000
0.000000
0.187500
0.500000
1.000000
0.000000
0.000000
0.000000
0.062500
0.812500
0.180000
0.702290
0.028309
0.812500
-0.007500
0.000000
0.687500
0.000000
0.625000
0.000000
0.625000
0.000000
0.687500
0.000000
0.625000
0.000000
0.687500
0.000000
0.625000
0.000000
0.562500
0.000000
0.562500
0.000000
0.625000
0.000000
0.562500
0.000000
0.625000
0.000000
0.562500
0.000000
0.500000
0.000000
0.500000
0.000000
0.562500
0.000000
0.500000
0.000000
0.562500
0.000000
0.500000
0.000000
0.437500
0.000000
0.437500
0.000000
0.500000
0.000000
0.437500
0.000000
0.500000
0.000000
0.437500
0.000000
0.375000
0.000000
0.375000
0.000000
0.437500
0.000000
0.375000
0.000000
0.437500
0.000000
0.375000
0.000000
0.312500
0.000000
0.312500
0.000000
0.375000
0.000000
0.312500
0.000000
0.375000
0.000000
0.312500
0.000000
0.250000
0.000000
0.250000
0.000000
0.312500
0.000000
0.250000
0.000000
0.312500
0.000000
0.250000
0.000000
0.187500
0.000000
0.187500
0.000000
0.250000
0.000000
0.187500
0.000000
0.250000
0.000000
0.187500
0.000000
0.125000
0.000000
0.125000
0.000000
0.187500
0.000000
0.125000
0.000000
0.187500
0.500000
1.000000
0.000000
0.000000
0.000000
0.062500
0.812500
0.180000
0.634177
0.122059
0.702290
0.028309
0.000000
0.687500
0.000000
0.625000
0.000000
0.625000
0.000000
0.687500
0.000000
0.625000
0.000000
0.687500
0.000000
0.625000
0.000000
0.562500
0.000000
0.562500
0.000000
0.625000
0.000000
0.562500
0.000000
0.625000
0.000000
0.562500
0.000000
0.500000
0.000000
0.500000
0.000000
0.562500
0.000000
0.500000
0.000000
0.562500
0.000000
0.500000
0.000000
0.437500
0.000000
0.437500
0.000000
0.500000
0.000000
0.437500
0.000000
0.500000
0.000000
0.437500
0.000000
0.375000
0.000000
0.375000
0.000000
0.437500
0.000000
0.375000
0.000000
0.437500
0.000000
0.375000
0.000000
0.312500
0.000000
0.312500
0.000000
0.375000
0.000000
0.312500
0.000000
0.375000
0.000000
0.312500
0.000000
0.250000
0.000000
0.250000
0.000000
0.312500
0.000000
0.250000
0.000000
0.312500
0.000000
0.250000
0.000000
0.187500
0.000000
0.187500
0.000000
0.250000
0.000000
0.187500
0.000000
0.250000
0.000000
0.187500
0.000000
0.125000
0.000000
0.125000
0.000000
0.187500
0.000000
0.125000
0.000000
0.187500
0.500000
1.000000
0.000000
0.000000
0.000000
0.062500
0.812500
0.180000
0.634177
0.237941
0.634177
0.122059
0.000000
0.687500
0.000000
0.625000
0.000000
0.625000
0.000000
0.687500
0.000000
0.625000
0.000000
0.687500
0.000000
0.625000
0.000000
0.562500
0.000000
0.562500
0.000000
0.625000
0.000000
0.562500
0.000000
0.625000
0.000000
0.562500
0.000000
0.500000
0.000000
0.500000
0.000000
0.562500
0.000000
0.500000
0.000000
0.562500
0.000000
0.500000
0.000000
0.437500
0.000000
0.437500
0.000000
0.500000
0.000000
0.437500
0.000000
0.500000
0.000000
0.437500
0.000000
0.375000
0.000000
0.375000
0.000000
0.437500
0.000000
0.375000
0.000000
0.437500
0.000000
0.375000
0.000000
0.312500
0.000000
0.312500
0.000000
0.375000
0.000000
0.312500
0.000000
0.375000
0.000000
0.312500
0.000000
0.250000
0.000000
0.250000
0.000000
0.312500
0.000000
0.250000
0.000000
0.312500
0.000000
0.250000
0.000000
0.187500
0.000000
0.187500
0.000000
0.250000
0.000000
0.187500
0.000000
0.250000
0.000000
0.187500
0.000000
0.125000
0.000000
0.125000
0.000000
0.187500
0.000000
0.125000
0.000000
0.187500
0.500000
1.000000
0.000000
0.000000
0.000000
0.062500
0.812500
0.180000
0.702290
0.331691
0.634177
0.237941
0.000000
0.687500
0.000000
0.625000
0.000000
0.625000
0.000000
0.687500
0.000000
0.625000
0.000000
0.687500
0.000000
0.625000
0.000000
0.562500
0.000000
0.562500
0.000000
0.625000
0.000000
0.562500
0.000000
0.625000
0.000000
0.562500
0.000000
0.500000
0.000000
0.500000
0.000000
0.562500
0.000000
0.500000
0.000000
0.562500
0.000000
0.500000
0.000000
0.437500
0.000000
0.437500
0.000000
0.500000
0.000000
0.437500
0.000000
0.500000
0.000000
0.437500
0.000000
0.375000
0.000000
0.375000
0.000000
0.437500
0.000000
0.375000
0.000000
0.437500
0.000000
0.375000
0.000000
0.312500
0.000000
0.312500
0.000000
0.375000
0.000000
0.312500
0.000000
0.375000
0.000000
0.312500
0.000000
0.250000
0.000000
0.250000
0.000000
0.312500
0.000000
0.250000
0.000000
0.312500
0.000000
0.250000
0.000000
0.187500
0.000000
0.187500
0.000000
0.250000
0.000000
0.187500
0.000000
0.250000
0.000000
0.187500
0.000000
0.125000
0.000000
0.125000
0.000000
0.187500
0.000000
0.125000
0.000000
0.187500
0.500000
1.000000
0.000000
0.000000
0.000000
0.062500
0.812500
0.180000
0.812500
0.367500
0.702290
0.331691
0.000000
0.687500
0.000000
0.625000
0.000000
0.625000
0.000000
0.687500
0.000000
0.625000
0.000000
0.687500
0.000000
0.625000
0.000000
0.562500
0.000000
0.562500
0.000000
0.625000
0.000000
0.562500
0.000000
0.625000
0.000000
0.562500
0.000000
0.500000
0.000000
0.500000
0.000000
0.562500
0.000000
0.500000
0.000000
0.562500
0.000000
0.500000
0.000000
0.437500
0.000000
0.437500
0.000000
0.500000
0.000000
0.437500
0.000000
0.500000
0.000000
0.437500
0.000000
0.375000
0.000000
0.375000
0.000000
0.437500
0.000000
0.375000
0.000000
0.437500
0.000000
0.375000
0.000000
0.312500
0.000000
0.312500
0.000000
0.375000
0.000000
0.312500
0.000000
0.375000
0.000000
0.312500
0.000000
0.250000
0.000000
0.250000
0.000000
0.312500
0.000000
0.250000
0.000000
0.312500
0.000000
0.250000
0.000000
0.187500
0.000000
0.187500
0.000000
0.250000
0.000000
0.187500
0.000000
0.250000
0.000000
0.187500
0.000000
0.125000
0.000000
0.125000
0.000000
0.187500
0.000000
0.125000
0.000000
0.187500
0.500000
1.000000
0.000000
0.000000
0.000000
0.062500
