0.000000 -3.000000 0.000000 
0.544907 -2.853170 0.750000 
0.000000 -2.853170 0.927051 
1.036475 -2.427051 1.426585 
0.000000 -2.853170 0.927051 
0.544907 -2.853170 0.750000 
0.000000 -2.427051 1.763356 
0.000000 -2.853170 0.927051 
1.036475 -2.427051 1.426585 
1.426585 -1.763356 1.963526 
0.000000 -2.427051 1.763356 
1.036475 -2.427051 1.426585 
0.000000 -1.763356 2.427051 
0.000000 -2.427051 1.763356 
1.426585 -1.763356 1.963526 
1.677051 -0.927051 2.308263 
0.000000 -1.763356 2.427051 
1.426585 -1.763356 1.963526 
0.000000 -0.927051 2.853170 
0.000000 -1.763356 2.427051 
1.677051 -0.927051 2.308263 
1.763356 0.000000 2.427051 
0.000000 -0.927051 2.853170 
1.677051 -0.927051 2.308263 
0.000000 0.000000 3.000000 
0.000000 -0.927051 2.853170 
1.763356 0.000000 2.427051 
1.677051 0.927051 2.308263 
0.000000 0.000000 3.000000 
1.763356 0.000000 2.427051 
0.000000 0.927051 2.853170 
0.000000 0.000000 3.000000 
1.677051 0.927051 2.308263 
1.426585 1.763356 1.963526 
0.000000 0.927051 2.853170 
1.677051 0.927051 2.308263 
0.000000 1.763356 2.427051 
0.000000 0.927051 2.853170 
1.426585 1.763356 1.963526 
1.036474 2.427051 1.426585 
0.000000 1.763356 2.427051 
1.426585 1.763356 1.963526 
0.000000 2.427051 1.763356 
0.000000 1.763356 2.427051 
1.036474 2.427051 1.426585 
0.544907 2.853170 0.750000 
0.000000 2.427051 1.763356 
1.036474 2.427051 1.426585 
0.000000 2.853170 0.927051 
0.000000 2.427051 1.763356 
0.544907 2.853170 0.750000 
0.000000 3.000000 0.000000 
0.000000 2.853170 0.927051 
0.544907 2.853170 0.750000 
0.000000 -3.000000 0.000000 
0.881678 -2.853170 0.286474 
0.544907 -2.853170 0.750000 
1.677051 -2.427051 0.544907 
0.544907 -2.853170 0.750000 
0.881678 -2.853170 0.286474 
1.036475 -2.427051 1.426585 
0.544907 -2.853170 0.750000 
1.677051 -2.427051 0.544907 
2.308263 -1.763356 0.750000 
1.036475 -2.427051 1.426585 
1.677051 -2.427051 0.544907 
1.426585 -1.763356 1.963526 
1.036475 -2.427051 1.426585 
2.308263 -1.763356 0.750000 
2.713526 -0.927051 0.881678 
1.426585 -1.763356 1.963526 
2.308263 -1.763356 0.750000 
1.677051 -0.927051 2.308263 
1.426585 -1.763356 1.963526 
2.713526 -0.927051 0.881678 
2.853170 0.000000 0.927051 
1.677051 -0.927051 2.308263 
2.713526 -0.927051 0.881678 
1.763356 0.000000 2.427051 
1.677051 -0.927051 2.308263 
2.853170 0.000000 0.927051 
2.713525 0.927051 0.881678 
1.763356 0.000000 2.427051 
2.853170 0.000000 0.927051 
1.677051 0.927051 2.308263 
1.763356 0.000000 2.427051 
2.713525 0.927051 0.881678 
2.308263 1.763356 0.750000 
1.677051 0.927051 2.308263 
2.713525 0.927051 0.881678 
1.426585 1.763356 1.963526 
1.677051 0.927051 2.308263 
2.308263 1.763356 0.750000 
1.677051 2.427051 0.544907 
1.426585 1.763356 1.963526 
2.308263 1.763356 0.750000 
1.036474 2.427051 1.426585 
1.426585 1.763356 1.963526 
1.677051 2.427051 0.544907 
0.881677 2.853170 0.286474 
1.036474 2.427051 1.426585 
1.677051 2.427051 0.544907 
0.544907 2.853170 0.750000 
1.036474 2.427051 1.426585 
0.881677 2.853170 0.286474 
0.000000 3.000000 0.000000 
0.544907 2.853170 0.750000 
0.881677 2.853170 0.286474 
0.000000 -3.000000 0.000000 
0.881678 -2.853170 -0.286475 
0.881678 -2.853170 0.286474 
1.677051 -2.427051 -0.544907 
0.881678 -2.853170 0.286474 
0.881678 -2.853170 -0.286475 
1.677051 -2.427051 0.544907 
0.881678 -2.853170 0.286474 
1.677051 -2.427051 -0.544907 
2.308263 -1.763356 -0.750000 
1.677051 -2.427051 0.544907 
1.677051 -2.427051 -0.544907 
2.308263 -1.763356 0.750000 
1.677051 -2.427051 0.544907 
2.308263 -1.763356 -0.750000 
2.713525 -0.927051 -0.881678 
2.308263 -1.763356 0.750000 
2.308263 -1.763356 -0.750000 
2.713526 -0.927051 0.881678 
2.308263 -1.763356 0.750000 
2.713525 -0.927051 -0.881678 
2.853170 0.000000 -0.927051 
2.713526 -0.927051 0.881678 
2.713525 -0.927051 -0.881678 
2.853170 0.000000 0.927051 
2.713526 -0.927051 0.881678 
2.853170 0.000000 -0.927051 
2.713525 0.927051 -0.881678 
2.853170 0.000000 0.927051 
2.853170 0.000000 -0.927051 
2.713525 0.927051 0.881678 
2.853170 0.000000 0.927051 
2.713525 0.927051 -0.881678 
2.308263 1.763356 -0.750000 
2.713525 0.927051 0.881678 
2.713525 0.927051 -0.881678 
2.308263 1.763356 0.750000 
2.713525 0.927051 0.881678 
2.308263 1.763356 -0.750000 
1.677051 2.427051 -0.544907 
2.308263 1.763356 0.750000 
2.308263 1.763356 -0.750000 
1.677051 2.427051 0.544907 
2.308263 1.763356 0.750000 
1.677051 2.427051 -0.544907 
0.881677 2.853170 -0.286474 
1.677051 2.427051 0.544907 
1.677051 2.427051 -0.544907 
0.881677 2.853170 0.286474 
1.677051 2.427051 0.544907 
0.881677 2.853170 -0.286474 
0.000000 3.000000 0.000000 
0.881677 2.853170 0.286474 
0.881677 2.853170 -0.286474 
0.000000 -3.000000 0.000000 
0.544907 -2.853170 -0.750000 
0.881678 -2.853170 -0.286475 
1.036474 -2.427051 -1.426585 
0.881678 -2.853170 -0.286475 
0.544907 -2.853170 -0.750000 
1.677051 -2.427051 -0.544907 
0.881678 -2.853170 -0.286475 
1.036474 -2.427051 -1.426585 
1.426585 -1.763356 -1.963526 
1.677051 -2.427051 -0.544907 
1.036474 -2.427051 -1.426585 
2.308263 -1.763356 -0.750000 
1.677051 -2.427051 -0.544907 
1.426585 -1.763356 -1.963526 
1.677051 -0.927051 -2.308263 
2.308263 -1.763356 -0.750000 
1.426585 -1.763356 -1.963526 
2.713525 -0.927051 -0.881678 
2.308263 -1.763356 -0.750000 
1.677051 -0.927051 -2.308263 
1.763356 0.000000 -2.427051 
2.713525 -0.927051 -0.881678 
1.677051 -0.927051 -2.308263 
2.853170 0.000000 -0.927051 
2.713525 -0.927051 -0.881678 
1.763356 0.000000 -2.427051 
1.677051 0.927051 -2.308263 
2.853170 0.000000 -0.927051 
1.763356 0.000000 -2.427051 
2.713525 0.927051 -0.881678 
2.853170 0.000000 -0.927051 
1.677051 0.927051 -2.308263 
1.426585 1.763356 -1.963526 
2.713525 0.927051 -0.881678 
1.677051 0.927051 -2.308263 
2.308263 1.763356 -0.750000 
2.713525 0.927051 -0.881678 
1.426585 1.763356 -1.963526 
1.036474 2.427051 -1.426585 
2.308263 1.763356 -0.750000 
1.426585 1.763356 -1.963526 
1.677051 2.427051 -0.544907 
2.308263 1.763356 -0.750000 
1.036474 2.427051 -1.426585 
0.544907 2.853170 -0.750000 
1.677051 2.427051 -0.544907 
1.036474 2.427051 -1.426585 
0.881677 2.853170 -0.286474 
1.677051 2.427051 -0.544907 
0.544907 2.853170 -0.750000 
0.000000 3.000000 0.000000 
0.881677 2.853170 -0.286474 
0.544907 2.853170 -0.750000 
0.000000 -3.000000 0.000000 
-0.000000 -2.853170 -0.927051 
0.544907 -2.853170 -0.750000 
-0.000000 -2.427051 -1.763356 
0.544907 -2.853170 -0.750000 
-0.000000 -2.853170 -0.927051 
1.036474 -2.427051 -1.426585 
0.544907 -2.853170 -0.750000 
-0.000000 -2.427051 -1.763356 
-0.000000 -1.763356 -2.427051 
1.036474 -2.427051 -1.426585 
-0.000000 -2.427051 -1.763356 
1.426585 -1.763356 -1.963526 
1.036474 -2.427051 -1.426585 
-0.000000 -1.763356 -2.427051 
-0.000000 -0.927051 -2.853170 
1.426585 -1.763356 -1.963526 
-0.000000 -1.763356 -2.427051 
1.677051 -0.927051 -2.308263 
1.426585 -1.763356 -1.963526 
-0.000000 -0.927051 -2.853170 
-0.000000 0.000000 -3.000000 
1.677051 -0.927051 -2.308263 
-0.000000 -0.927051 -2.853170 
1.763356 0.000000 -2.427051 
1.677051 -0.927051 -2.308263 
-0.000000 0.000000 -3.000000 
-0.000000 0.927051 -2.853170 
1.763356 0.000000 -2.427051 
-0.000000 0.000000 -3.000000 
1.677051 0.927051 -2.308263 
1.763356 0.000000 -2.427051 
-0.000000 0.927051 -2.853170 
-0.000000 1.763356 -2.427051 
1.677051 0.927051 -2.308263 
-0.000000 0.927051 -2.853170 
1.426585 1.763356 -1.963526 
1.677051 0.927051 -2.308263 
-0.000000 1.763356 -2.427051 
-0.000000 2.427051 -1.763356 
1.426585 1.763356 -1.963526 
-0.000000 1.763356 -2.427051 
1.036474 2.427051 -1.426585 
1.426585 1.763356 -1.963526 
-0.000000 2.427051 -1.763356 
-0.000000 2.853170 -0.927051 
1.036474 2.427051 -1.426585 
-0.000000 2.427051 -1.763356 
0.544907 2.853170 -0.750000 
1.036474 2.427051 -1.426585 
-0.000000 2.853170 -0.927051 
0.000000 3.000000 0.000000 
0.544907 2.853170 -0.750000 
-0.000000 2.853170 -0.927051 
0.000000 -3.000000 0.000000 
-0.544907 -2.853170 -0.750000 
-0.000000 -2.853170 -0.927051 
-1.036475 -2.427051 -1.426585 
-0.000000 -2.853170 -0.927051 
-0.544907 -2.853170 -0.750000 
-0.000000 -2.427051 -1.763356 
-0.000000 -2.853170 -0.927051 
-1.036475 -2.427051 -1.426585 
-1.426585 -1.763356 -1.963525 
-0.000000 -2.427051 -1.763356 
-1.036475 -2.427051 -1.426585 
-0.000000 -1.763356 -2.427051 
-0.000000 -2.427051 -1.763356 
-1.426585 -1.763356 -1.963525 
-1.677051 -0.927051 -2.308262 
-0.000000 -1.763356 -2.427051 
-1.426585 -1.763356 -1.963525 
-0.000000 -0.927051 -2.853170 
-0.000000 -1.763356 -2.427051 
-1.677051 -0.927051 -2.308262 
-1.763356 0.000000 -2.427051 
-0.000000 -0.927051 -2.853170 
-1.677051 -0.927051 -2.308262 
-0.000000 0.000000 -3.000000 
-0.000000 -0.927051 -2.853170 
-1.763356 0.000000 -2.427051 
-1.677051 0.927051 -2.308262 
-0.000000 0.000000 -3.000000 
-1.763356 0.000000 -2.427051 
-0.000000 0.927051 -2.853170 
-0.000000 0.000000 -3.000000 
-1.677051 0.927051 -2.308262 
-1.426585 1.763356 -1.963525 
-0.000000 0.927051 -2.853170 
-1.677051 0.927051 -2.308262 
-0.000000 1.763356 -2.427051 
-0.000000 0.927051 -2.853170 
-1.426585 1.763356 -1.963525 
-1.036475 2.427051 -1.426584 
-0.000000 1.763356 -2.427051 
-1.426585 1.763356 -1.963525 
-0.000000 2.427051 -1.763356 
-0.000000 1.763356 -2.427051 
-1.036475 2.427051 -1.426584 
-0.544907 2.853170 -0.750000 
-0.000000 2.427051 -1.763356 
-1.036475 2.427051 -1.426584 
-0.000000 2.853170 -0.927051 
-0.000000 2.427051 -1.763356 
-0.544907 2.853170 -0.750000 
0.000000 3.000000 0.000000 
-0.000000 2.853170 -0.927051 
-0.544907 2.853170 -0.750000 
0.000000 -3.000000 0.000000 
-0.881678 -2.853170 -0.286475 
-0.544907 -2.853170 -0.750000 
-1.677051 -2.427051 -0.544907 
-0.544907 -2.853170 -0.750000 
-0.881678 -2.853170 -0.286475 
-1.036475 -2.427051 -1.426585 
-0.544907 -2.853170 -0.750000 
-1.677051 -2.427051 -0.544907 
-2.308263 -1.763356 -0.750000 
-1.036475 -2.427051 -1.426585 
-1.677051 -2.427051 -0.544907 
-1.426585 -1.763356 -1.963525 
-1.036475 -2.427051 -1.426585 
-2.308263 -1.763356 -0.750000 
-2.713525 -0.927051 -0.881678 
-1.426585 -1.763356 -1.963525 
-2.308263 -1.763356 -0.750000 
-1.677051 -0.927051 -2.308262 
-1.426585 -1.763356 -1.963525 
-2.713525 -0.927051 -0.881678 
-2.853169 0.000000 -0.927051 
-1.677051 -0.927051 -2.308262 
-2.713525 -0.927051 -0.881678 
-1.763356 0.000000 -2.427051 
-1.677051 -0.927051 -2.308262 
-2.853169 0.000000 -0.927051 
-2.713525 0.927051 -0.881678 
-1.763356 0.000000 -2.427051 
-2.853169 0.000000 -0.927051 
-1.677051 0.927051 -2.308262 
-1.763356 0.000000 -2.427051 
-2.713525 0.927051 -0.881678 
-2.308263 1.763356 -0.750000 
-1.677051 0.927051 -2.308262 
-2.713525 0.927051 -0.881678 
-1.426585 1.763356 -1.963525 
-1.677051 0.927051 -2.308262 
-2.308263 1.763356 -0.750000 
-1.677051 2.427051 -0.544907 
-1.426585 1.763356 -1.963525 
-2.308263 1.763356 -0.750000 
-1.036475 2.427051 -1.426584 
-1.426585 1.763356 -1.963525 
-1.677051 2.427051 -0.544907 
-0.881677 2.853170 -0.286474 
-1.036475 2.427051 -1.426584 
-1.677051 2.427051 -0.544907 
-0.544907 2.853170 -0.750000 
-1.036475 2.427051 -1.426584 
-0.881677 2.853170 -0.286474 
0.000000 3.000000 0.000000 
-0.544907 2.853170 -0.750000 
-0.881677 2.853170 -0.286474 
0.000000 -3.000000 0.000000 
-0.881678 -2.853170 0.286475 
-0.881678 -2.853170 -0.286475 
-1.677051 -2.427051 0.544907 
-0.881678 -2.853170 -0.286475 
-0.881678 -2.853170 0.286475 
-1.677051 -2.427051 -0.544907 
-0.881678 -2.853170 -0.286475 
-1.677051 -2.427051 0.544907 
-2.308263 -1.763356 0.750000 
-1.677051 -2.427051 -0.544907 
-1.677051 -2.427051 0.544907 
-2.308263 -1.763356 -0.750000 
-1.677051 -2.427051 -0.544907 
-2.308263 -1.763356 0.750000 
-2.713525 -0.927051 0.881678 
-2.308263 -1.763356 -0.750000 
-2.308263 -1.763356 0.750000 
-2.713525 -0.927051 -0.881678 
-2.308263 -1.763356 -0.750000 
-2.713525 -0.927051 0.881678 
-2.853169 0.000000 0.927051 
-2.713525 -0.927051 -0.881678 
-2.713525 -0.927051 0.881678 
-2.853169 0.000000 -0.927051 
-2.713525 -0.927051 -0.881678 
-2.853169 0.000000 0.927051 
-2.713525 0.927051 0.881678 
-2.853169 0.000000 -0.927051 
-2.853169 0.000000 0.927051 
-2.713525 0.927051 -0.881678 
-2.853169 0.000000 -0.927051 
-2.713525 0.927051 0.881678 
-2.308263 1.763356 0.750000 
-2.713525 0.927051 -0.881678 
-2.713525 0.927051 0.881678 
-2.308263 1.763356 -0.750000 
-2.713525 0.927051 -0.881678 
-2.308263 1.763356 0.750000 
-1.677051 2.427051 0.544907 
-2.308263 1.763356 -0.750000 
-2.308263 1.763356 0.750000 
-1.677051 2.427051 -0.544907 
-2.308263 1.763356 -0.750000 
-1.677051 2.427051 0.544907 
-0.881677 2.853170 0.286474 
-1.677051 2.427051 -0.544907 
-1.677051 2.427051 0.544907 
-0.881677 2.853170 -0.286474 
-1.677051 2.427051 -0.544907 
-0.881677 2.853170 0.286474 
0.000000 3.000000 0.000000 
-0.881677 2.853170 -0.286474 
-0.881677 2.853170 0.286474 
0.000000 -3.000000 0.000000 
-0.544907 -2.853170 0.750000 
-0.881678 -2.853170 0.286475 
-1.036474 -2.427051 1.426585 
-0.881678 -2.853170 0.286475 
-0.544907 -2.853170 0.750000 
-1.677051 -2.427051 0.544907 
-0.881678 -2.853170 0.286475 
-1.036474 -2.427051 1.426585 
-1.426584 -1.763356 1.963526 
-1.677051 -2.427051 0.544907 
-1.036474 -2.427051 1.426585 
-2.308263 -1.763356 0.750000 
-1.677051 -2.427051 0.544907 
-1.426584 -1.763356 1.963526 
-1.677050 -0.927051 2.308263 
-2.308263 -1.763356 0.750000 
-1.426584 -1.763356 1.963526 
-2.713525 -0.927051 0.881678 
-2.308263 -1.763356 0.750000 
-1.677050 -0.927051 2.308263 
-1.763355 0.000000 2.427052 
-2.713525 -0.927051 0.881678 
-1.677050 -0.927051 2.308263 
-2.853169 0.000000 0.927051 
-2.713525 -0.927051 0.881678 
-1.763355 0.000000 2.427052 
-1.677050 0.927051 2.308263 
-2.853169 0.000000 0.927051 
-1.763355 0.000000 2.427052 
-2.713525 0.927051 0.881678 
-2.853169 0.000000 0.927051 
-1.677050 0.927051 2.308263 
-1.426584 1.763356 1.963526 
-2.713525 0.927051 0.881678 
-1.677050 0.927051 2.308263 
-2.308263 1.763356 0.750000 
-2.713525 0.927051 0.881678 
-1.426584 1.763356 1.963526 
-1.036474 2.427051 1.426585 
-2.308263 1.763356 0.750000 
-1.426584 1.763356 1.963526 
-1.677051 2.427051 0.544907 
-2.308263 1.763356 0.750000 
-1.036474 2.427051 1.426585 
-0.544906 2.853170 0.750000 
-1.677051 2.427051 0.544907 
-1.036474 2.427051 1.426585 
-0.881677 2.853170 0.286474 
-1.677051 2.427051 0.544907 
-0.544906 2.853170 0.750000 
0.000000 3.000000 0.000000 
-0.881677 2.853170 0.286474 
-0.544906 2.853170 0.750000 
0.000000 -3.000000 0.000000 
0.000000 -2.853170 0.927051 
-0.544907 -2.853170 0.750000 
0.000000 -2.427051 1.763356 
-0.544907 -2.853170 0.750000 
0.000000 -2.853170 0.927051 
-1.036474 -2.427051 1.426585 
-0.544907 -2.853170 0.750000 
0.000000 -2.427051 1.763356 
0.000000 -1.763356 2.427051 
-1.036474 -2.427051 1.426585 
0.000000 -2.427051 1.763356 
-1.426584 -1.763356 1.963526 
-1.036474 -2.427051 1.426585 
0.000000 -1.763356 2.427051 
0.000000 -0.927051 2.853170 
-1.426584 -1.763356 1.963526 
0.000000 -1.763356 2.427051 
-1.677050 -0.927051 2.308263 
-1.426584 -1.763356 1.963526 
0.000000 -0.927051 2.853170 
0.000001 0.000000 3.000000 
-1.677050 -0.927051 2.308263 
0.000000 -0.927051 2.853170 
-1.763355 0.000000 2.427052 
-1.677050 -0.927051 2.308263 
0.000001 0.000000 3.000000 
0.000000 0.927051 2.853170 
-1.763355 0.000000 2.427052 
0.000001 0.000000 3.000000 
-1.677050 0.927051 2.308263 
-1.763355 0.000000 2.427052 
0.000000 0.927051 2.853170 
0.000000 1.763356 2.427051 
-1.677050 0.927051 2.308263 
0.000000 0.927051 2.853170 
-1.426584 1.763356 1.963526 
-1.677050 0.927051 2.308263 
0.000000 1.763356 2.427051 
0.000000 2.427051 1.763356 
-1.426584 1.763356 1.963526 
0.000000 1.763356 2.427051 
-1.036474 2.427051 1.426585 
-1.426584 1.763356 1.963526 
0.000000 2.427051 1.763356 
0.000000 2.853170 0.927051 
-1.036474 2.427051 1.426585 
0.000000 2.427051 1.763356 
-0.544906 2.853170 0.750000 
-1.036474 2.427051 1.426585 
0.000000 2.853170 0.927051 
0.000000 3.000000 0.000000 
-0.544906 2.853170 0.750000 
0.000000 2.853170 0.927051 
