0.000000 0.000000 0.000000 
0.587785 0.000000 0.809017 
0.000000 0.000000 1.000000 
0.558396 0.150000 0.768566 
0.000000 0.000000 1.000000 
0.587785 0.000000 0.809017 
0.000000 0.150000 0.950000 
0.000000 0.000000 1.000000 
0.558396 0.150000 0.768566 
0.529007 0.300000 0.728115 
0.000000 0.150000 0.950000 
0.558396 0.150000 0.768566 
0.000000 0.300000 0.900000 
0.000000 0.150000 0.950000 
0.529007 0.300000 0.728115 
0.499617 0.450000 0.687664 
0.000000 0.300000 0.900000 
0.529007 0.300000 0.728115 
0.000000 0.450000 0.850000 
0.000000 0.300000 0.900000 
0.499617 0.450000 0.687664 
0.470228 0.600000 0.647214 
0.000000 0.450000 0.850000 
0.499617 0.450000 0.687664 
0.000000 0.600000 0.800000 
0.000000 0.450000 0.850000 
0.470228 0.600000 0.647214 
0.440839 0.750000 0.606763 
0.000000 0.600000 0.800000 
0.470228 0.600000 0.647214 
0.000000 0.750000 0.750000 
0.000000 0.600000 0.800000 
0.440839 0.750000 0.606763 
0.411450 0.900000 0.566312 
0.000000 0.750000 0.750000 
0.440839 0.750000 0.606763 
0.000000 0.900000 0.700000 
0.000000 0.750000 0.750000 
0.411450 0.900000 0.566312 
0.382060 1.050000 0.525861 
0.000000 0.900000 0.700000 
0.411450 0.900000 0.566312 
0.000000 1.050000 0.650000 
0.000000 0.900000 0.700000 
0.382060 1.050000 0.525861 
0.352671 1.200000 0.485410 
0.000000 1.050000 0.650000 
0.382060 1.050000 0.525861 
0.000000 1.200000 0.600000 
0.000000 1.050000 0.650000 
0.352671 1.200000 0.485410 
0.323282 1.350000 0.444959 
0.000000 1.200000 0.600000 
0.352671 1.200000 0.485410 
0.000000 1.350000 0.550000 
0.000000 1.200000 0.600000 
0.323282 1.350000 0.444959 
0.293893 1.500000 0.404508 
0.000000 1.350000 0.550000 
0.323282 1.350000 0.444959 
0.000000 1.500000 0.500000 
0.000000 1.350000 0.550000 
0.293893 1.500000 0.404508 
0.264503 1.650000 0.364058 
0.000000 1.500000 0.500000 
0.293893 1.500000 0.404508 
0.000000 1.650000 0.450000 
0.000000 1.500000 0.500000 
0.264503 1.650000 0.364058 
0.235114 1.800000 0.323607 
0.000000 1.650000 0.450000 
0.264503 1.650000 0.364058 
0.000000 1.800000 0.400000 
0.000000 1.650000 0.450000 
0.235114 1.800000 0.323607 
0.205725 1.950000 0.283156 
0.000000 1.800000 0.400000 
0.235114 1.800000 0.323607 
0.000000 1.950000 0.350000 
0.000000 1.800000 0.400000 
0.205725 1.950000 0.283156 
0.176336 2.100000 0.242705 
0.000000 1.950000 0.350000 
0.205725 1.950000 0.283156 
0.000000 2.100000 0.300000 
0.000000 1.950000 0.350000 
0.176336 2.100000 0.242705 
0.146946 2.250000 0.202254 
0.000000 2.100000 0.300000 
0.176336 2.100000 0.242705 
0.000000 2.250000 0.250000 
0.000000 2.100000 0.300000 
0.146946 2.250000 0.202254 
0.117557 2.400000 0.161803 
0.000000 2.250000 0.250000 
0.146946 2.250000 0.202254 
0.000000 2.400000 0.200000 
0.000000 2.250000 0.250000 
0.117557 2.400000 0.161803 
0.088168 2.550000 0.121353 
0.000000 2.400000 0.200000 
0.117557 2.400000 0.161803 
0.000000 2.550000 0.150000 
0.000000 2.400000 0.200000 
0.088168 2.550000 0.121353 
0.058779 2.700000 0.080902 
0.000000 2.550000 0.150000 
0.088168 2.550000 0.121353 
0.000000 2.700000 0.100000 
0.000000 2.550000 0.150000 
0.058779 2.700000 0.080902 
0.029389 2.850000 0.040451 
0.000000 2.700000 0.100000 
0.058779 2.700000 0.080902 
0.000000 2.850000 0.050000 
0.000000 2.700000 0.100000 
0.029389 2.850000 0.040451 
0.000000 3.000000 0.000000 
0.000000 2.850000 0.050000 
0.029389 2.850000 0.040451 
0.000000 0.000000 0.000000 
0.951057 0.000000 0.309017 
0.587785 0.000000 0.809017 
0.903504 0.150000 0.293566 
0.587785 0.000000 0.809017 
0.951057 0.000000 0.309017 
0.558396 0.150000 0.768566 
0.587785 0.000000 0.809017 
0.903504 0.150000 0.293566 
0.855951 0.300000 0.278115 
0.558396 0.150000 0.768566 
0.903504 0.150000 0.293566 
0.529007 0.300000 0.728115 
0.558396 0.150000 0.768566 
0.855951 0.300000 0.278115 
0.808398 0.450000 0.262664 
0.529007 0.300000 0.728115 
0.855951 0.300000 0.278115 
0.499617 0.450000 0.687664 
0.529007 0.300000 0.728115 
0.808398 0.450000 0.262664 
0.760845 0.600000 0.247214 
0.499617 0.450000 0.687664 
0.808398 0.450000 0.262664 
0.470228 0.600000 0.647214 
0.499617 0.450000 0.687664 
0.760845 0.600000 0.247214 
0.713292 0.750000 0.231763 
0.470228 0.600000 0.647214 
0.760845 0.600000 0.247214 
0.440839 0.750000 0.606763 
0.470228 0.600000 0.647214 
0.713292 0.750000 0.231763 
0.665740 0.900000 0.216312 
0.440839 0.750000 0.606763 
0.713292 0.750000 0.231763 
0.411450 0.900000 0.566312 
0.440839 0.750000 0.606763 
0.665740 0.900000 0.216312 
0.618187 1.050000 0.200861 
0.411450 0.900000 0.566312 
0.665740 0.900000 0.216312 
0.382060 1.050000 0.525861 
0.411450 0.900000 0.566312 
0.618187 1.050000 0.200861 
0.570634 1.200000 0.185410 
0.382060 1.050000 0.525861 
0.618187 1.050000 0.200861 
0.352671 1.200000 0.485410 
0.382060 1.050000 0.525861 
0.570634 1.200000 0.185410 
0.523081 1.350000 0.169959 
0.352671 1.200000 0.485410 
0.570634 1.200000 0.185410 
0.323282 1.350000 0.444959 
0.352671 1.200000 0.485410 
0.523081 1.350000 0.169959 
0.475528 1.500000 0.154508 
0.323282 1.350000 0.444959 
0.523081 1.350000 0.169959 
0.293893 1.500000 0.404508 
0.323282 1.350000 0.444959 
0.475528 1.500000 0.154508 
0.427975 1.650000 0.139058 
0.293893 1.500000 0.404508 
0.475528 1.500000 0.154508 
0.264503 1.650000 0.364058 
0.293893 1.500000 0.404508 
0.427975 1.650000 0.139058 
0.380423 1.800000 0.123607 
0.264503 1.650000 0.364058 
0.427975 1.650000 0.139058 
0.235114 1.800000 0.323607 
0.264503 1.650000 0.364058 
0.380423 1.800000 0.123607 
0.332870 1.950000 0.108156 
0.235114 1.800000 0.323607 
0.380423 1.800000 0.123607 
0.205725 1.950000 0.283156 
0.235114 1.800000 0.323607 
0.332870 1.950000 0.108156 
0.285317 2.100000 0.092705 
0.205725 1.950000 0.283156 
0.332870 1.950000 0.108156 
0.176336 2.100000 0.242705 
0.205725 1.950000 0.283156 
0.285317 2.100000 0.092705 
0.237764 2.250000 0.077254 
0.176336 2.100000 0.242705 
0.285317 2.100000 0.092705 
0.146946 2.250000 0.202254 
0.176336 2.100000 0.242705 
0.237764 2.250000 0.077254 
0.190211 2.400000 0.061803 
0.146946 2.250000 0.202254 
0.237764 2.250000 0.077254 
0.117557 2.400000 0.161803 
0.146946 2.250000 0.202254 
0.190211 2.400000 0.061803 
0.142658 2.550000 0.046353 
0.117557 2.400000 0.161803 
0.190211 2.400000 0.061803 
0.088168 2.550000 0.121353 
0.117557 2.400000 0.161803 
0.142658 2.550000 0.046353 
0.095106 2.700000 0.030902 
0.088168 2.550000 0.121353 
0.142658 2.550000 0.046353 
0.058779 2.700000 0.080902 
0.088168 2.550000 0.121353 
0.095106 2.700000 0.030902 
0.047553 2.850000 0.015451 
0.058779 2.700000 0.080902 
0.095106 2.700000 0.030902 
0.029389 2.850000 0.040451 
0.058779 2.700000 0.080902 
0.047553 2.850000 0.015451 
0.000000 3.000000 0.000000 
0.029389 2.850000 0.040451 
0.047553 2.850000 0.015451 
0.000000 0.000000 0.000000 
0.951057 0.000000 -0.309017 
0.951057 0.000000 0.309017 
0.903504 0.150000 -0.293566 
0.951057 0.000000 0.309017 
0.951057 0.000000 -0.309017 
0.903504 0.150000 0.293566 
0.951057 0.000000 0.309017 
0.903504 0.150000 -0.293566 
0.855951 0.300000 -0.278115 
0.903504 0.150000 0.293566 
0.903504 0.150000 -0.293566 
0.855951 0.300000 0.278115 
0.903504 0.150000 0.293566 
0.855951 0.300000 -0.278115 
0.808398 0.450000 -0.262664 
0.855951 0.300000 0.278115 
0.855951 0.300000 -0.278115 
0.808398 0.450000 0.262664 
0.855951 0.300000 0.278115 
0.808398 0.450000 -0.262664 
0.760845 0.600000 -0.247214 
0.808398 0.450000 0.262664 
0.808398 0.450000 -0.262664 
0.760845 0.600000 0.247214 
0.808398 0.450000 0.262664 
0.760845 0.600000 -0.247214 
0.713292 0.750000 -0.231763 
0.760845 0.600000 0.247214 
0.760845 0.600000 -0.247214 
0.713292 0.750000 0.231763 
0.760845 0.600000 0.247214 
0.713292 0.750000 -0.231763 
0.665740 0.900000 -0.216312 
0.713292 0.750000 0.231763 
0.713292 0.750000 -0.231763 
0.665740 0.900000 0.216312 
0.713292 0.750000 0.231763 
0.665740 0.900000 -0.216312 
0.618187 1.050000 -0.200861 
0.665740 0.900000 0.216312 
0.665740 0.900000 -0.216312 
0.618187 1.050000 0.200861 
0.665740 0.900000 0.216312 
0.618187 1.050000 -0.200861 
0.570634 1.200000 -0.185410 
0.618187 1.050000 0.200861 
0.618187 1.050000 -0.200861 
0.570634 1.200000 0.185410 
0.618187 1.050000 0.200861 
0.570634 1.200000 -0.185410 
0.523081 1.350000 -0.169959 
0.570634 1.200000 0.185410 
0.570634 1.200000 -0.185410 
0.523081 1.350000 0.169959 
0.570634 1.200000 0.185410 
0.523081 1.350000 -0.169959 
0.475528 1.500000 -0.154509 
0.523081 1.350000 0.169959 
0.523081 1.350000 -0.169959 
0.475528 1.500000 0.154508 
0.523081 1.350000 0.169959 
0.475528 1.500000 -0.154509 
0.427975 1.650000 -0.139058 
0.475528 1.500000 0.154508 
0.475528 1.500000 -0.154509 
0.427975 1.650000 0.139058 
0.475528 1.500000 0.154508 
0.427975 1.650000 -0.139058 
0.380423 1.800000 -0.123607 
0.427975 1.650000 0.139058 
0.427975 1.650000 -0.139058 
0.380423 1.800000 0.123607 
0.427975 1.650000 0.139058 
0.380423 1.800000 -0.123607 
0.332870 1.950000 -0.108156 
0.380423 1.800000 0.123607 
0.380423 1.800000 -0.123607 
0.332870 1.950000 0.108156 
0.380423 1.800000 0.123607 
0.332870 1.950000 -0.108156 
0.285317 2.100000 -0.092705 
0.332870 1.950000 0.108156 
0.332870 1.950000 -0.108156 
0.285317 2.100000 0.092705 
0.332870 1.950000 0.108156 
0.285317 2.100000 -0.092705 
0.237764 2.250000 -0.077254 
0.285317 2.100000 0.092705 
0.285317 2.100000 -0.092705 
0.237764 2.250000 0.077254 
0.285317 2.100000 0.092705 
0.237764 2.250000 -0.077254 
0.190211 2.400000 -0.061803 
0.237764 2.250000 0.077254 
0.237764 2.250000 -0.077254 
0.190211 2.400000 0.061803 
0.237764 2.250000 0.077254 
0.190211 2.400000 -0.061803 
0.142658 2.550000 -0.046353 
0.190211 2.400000 0.061803 
0.190211 2.400000 -0.061803 
0.142658 2.550000 0.046353 
0.190211 2.400000 0.061803 
0.142658 2.550000 -0.046353 
0.095106 2.700000 -0.030902 
0.142658 2.550000 0.046353 
0.142658 2.550000 -0.046353 
0.095106 2.700000 0.030902 
0.142658 2.550000 0.046353 
0.095106 2.700000 -0.030902 
0.047553 2.850000 -0.015451 
0.095106 2.700000 0.030902 
0.095106 2.700000 -0.030902 
0.047553 2.850000 0.015451 
0.095106 2.700000 0.030902 
0.047553 2.850000 -0.015451 
0.000000 3.000000 0.000000 
0.047553 2.850000 0.015451 
0.047553 2.850000 -0.015451 
0.000000 0.000000 0.000000 
0.587785 0.000000 -0.809017 
0.951057 0.000000 -0.309017 
0.558396 0.150000 -0.768566 
0.951057 0.000000 -0.309017 
0.587785 0.000000 -0.809017 
0.903504 0.150000 -0.293566 
0.951057 0.000000 -0.309017 
0.558396 0.150000 -0.768566 
0.529007 0.300000 -0.728115 
0.903504 0.150000 -0.293566 
0.558396 0.150000 -0.768566 
0.855951 0.300000 -0.278115 
0.903504 0.150000 -0.293566 
0.529007 0.300000 -0.728115 
0.499617 0.450000 -0.687664 
0.855951 0.300000 -0.278115 
0.529007 0.300000 -0.728115 
0.808398 0.450000 -0.262664 
0.855951 0.300000 -0.278115 
0.499617 0.450000 -0.687664 
0.470228 0.600000 -0.647214 
0.808398 0.450000 -0.262664 
0.499617 0.450000 -0.687664 
0.760845 0.600000 -0.247214 
0.808398 0.450000 -0.262664 
0.470228 0.600000 -0.647214 
0.440839 0.750000 -0.606763 
0.760845 0.600000 -0.247214 
0.470228 0.600000 -0.647214 
0.713292 0.750000 -0.231763 
0.760845 0.600000 -0.247214 
0.440839 0.750000 -0.606763 
0.411450 0.900000 -0.566312 
0.713292 0.750000 -0.231763 
0.440839 0.750000 -0.606763 
0.665740 0.900000 -0.216312 
0.713292 0.750000 -0.231763 
0.411450 0.900000 -0.566312 
0.382060 1.050000 -0.525861 
0.665740 0.900000 -0.216312 
0.411450 0.900000 -0.566312 
0.618187 1.050000 -0.200861 
0.665740 0.900000 -0.216312 
0.382060 1.050000 -0.525861 
0.352671 1.200000 -0.485410 
0.618187 1.050000 -0.200861 
0.382060 1.050000 -0.525861 
0.570634 1.200000 -0.185410 
0.618187 1.050000 -0.200861 
0.352671 1.200000 -0.485410 
0.323282 1.350000 -0.444959 
0.570634 1.200000 -0.185410 
0.352671 1.200000 -0.485410 
0.523081 1.350000 -0.169959 
0.570634 1.200000 -0.185410 
0.323282 1.350000 -0.444959 
0.293893 1.500000 -0.404509 
0.523081 1.350000 -0.169959 
0.323282 1.350000 -0.444959 
0.475528 1.500000 -0.154509 
0.523081 1.350000 -0.169959 
0.293893 1.500000 -0.404509 
0.264503 1.650000 -0.364058 
0.475528 1.500000 -0.154509 
0.293893 1.500000 -0.404509 
0.427975 1.650000 -0.139058 
0.475528 1.500000 -0.154509 
0.264503 1.650000 -0.364058 
0.235114 1.800000 -0.323607 
0.427975 1.650000 -0.139058 
0.264503 1.650000 -0.364058 
0.380423 1.800000 -0.123607 
0.427975 1.650000 -0.139058 
0.235114 1.800000 -0.323607 
0.205725 1.950000 -0.283156 
0.380423 1.800000 -0.123607 
0.235114 1.800000 -0.323607 
0.332870 1.950000 -0.108156 
0.380423 1.800000 -0.123607 
0.205725 1.950000 -0.283156 
0.176336 2.100000 -0.242705 
0.332870 1.950000 -0.108156 
0.205725 1.950000 -0.283156 
0.285317 2.100000 -0.092705 
0.332870 1.950000 -0.108156 
0.176336 2.100000 -0.242705 
0.146946 2.250000 -0.202254 
0.285317 2.100000 -0.092705 
0.176336 2.100000 -0.242705 
0.237764 2.250000 -0.077254 
0.285317 2.100000 -0.092705 
0.146946 2.250000 -0.202254 
0.117557 2.400000 -0.161803 
0.237764 2.250000 -0.077254 
0.146946 2.250000 -0.202254 
0.190211 2.400000 -0.061803 
0.237764 2.250000 -0.077254 
0.117557 2.400000 -0.161803 
0.088168 2.550000 -0.121353 
0.190211 2.400000 -0.061803 
0.117557 2.400000 -0.161803 
0.142658 2.550000 -0.046353 
0.190211 2.400000 -0.061803 
0.088168 2.550000 -0.121353 
0.058779 2.700000 -0.080902 
0.142658 2.550000 -0.046353 
0.088168 2.550000 -0.121353 
0.095106 2.700000 -0.030902 
0.142658 2.550000 -0.046353 
0.058779 2.700000 -0.080902 
0.029389 2.850000 -0.040451 
0.095106 2.700000 -0.030902 
0.058779 2.700000 -0.080902 
0.047553 2.850000 -0.015451 
0.095106 2.700000 -0.030902 
0.029389 2.850000 -0.040451 
0.000000 3.000000 0.000000 
0.047553 2.850000 -0.015451 
0.029389 2.850000 -0.040451 
0.000000 0.000000 0.000000 
-0.000000 0.000000 -1.000000 
0.587785 0.000000 -0.809017 
-0.000000 0.150000 -0.950000 
0.587785 0.000000 -0.809017 
-0.000000 0.000000 -1.000000 
0.558396 0.150000 -0.768566 
0.587785 0.000000 -0.809017 
-0.000000 0.150000 -0.950000 
-0.000000 0.300000 -0.900000 
0.558396 0.150000 -0.768566 
-0.000000 0.150000 -0.950000 
0.529007 0.300000 -0.728115 
0.558396 0.150000 -0.768566 
-0.000000 0.300000 -0.900000 
-0.000000 0.450000 -0.850000 
0.529007 0.300000 -0.728115 
-0.000000 0.300000 -0.900000 
0.499617 0.450000 -0.687664 
0.529007 0.300000 -0.728115 
-0.000000 0.450000 -0.850000 
-0.000000 0.600000 -0.800000 
0.499617 0.450000 -0.687664 
-0.000000 0.450000 -0.850000 
0.470228 0.600000 -0.647214 
0.499617 0.450000 -0.687664 
-0.000000 0.600000 -0.800000 
-0.000000 0.750000 -0.750000 
0.470228 0.600000 -0.647214 
-0.000000 0.600000 -0.800000 
0.440839 0.750000 -0.606763 
0.470228 0.600000 -0.647214 
-0.000000 0.750000 -0.750000 
-0.000000 0.900000 -0.700000 
0.440839 0.750000 -0.606763 
-0.000000 0.750000 -0.750000 
0.411450 0.900000 -0.566312 
0.440839 0.750000 -0.606763 
-0.000000 0.900000 -0.700000 
-0.000000 1.050000 -0.650000 
0.411450 0.900000 -0.566312 
-0.000000 0.900000 -0.700000 
0.382060 1.050000 -0.525861 
0.411450 0.900000 -0.566312 
-0.000000 1.050000 -0.650000 
-0.000000 1.200000 -0.600000 
0.382060 1.050000 -0.525861 
-0.000000 1.050000 -0.650000 
0.352671 1.200000 -0.485410 
0.382060 1.050000 -0.525861 
-0.000000 1.200000 -0.600000 
-0.000000 1.350000 -0.550000 
0.352671 1.200000 -0.485410 
-0.000000 1.200000 -0.600000 
0.323282 1.350000 -0.444959 
0.352671 1.200000 -0.485410 
-0.000000 1.350000 -0.550000 
-0.000000 1.500000 -0.500000 
0.323282 1.350000 -0.444959 
-0.000000 1.350000 -0.550000 
0.293893 1.500000 -0.404509 
0.323282 1.350000 -0.444959 
-0.000000 1.500000 -0.500000 
-0.000000 1.650000 -0.450000 
0.293893 1.500000 -0.404509 
-0.000000 1.500000 -0.500000 
0.264503 1.650000 -0.364058 
0.293893 1.500000 -0.404509 
-0.000000 1.650000 -0.450000 
-0.000000 1.800000 -0.400000 
0.264503 1.650000 -0.364058 
-0.000000 1.650000 -0.450000 
0.235114 1.800000 -0.323607 
0.264503 1.650000 -0.364058 
-0.000000 1.800000 -0.400000 
-0.000000 1.950000 -0.350000 
0.235114 1.800000 -0.323607 
-0.000000 1.800000 -0.400000 
0.205725 1.950000 -0.283156 
0.235114 1.800000 -0.323607 
-0.000000 1.950000 -0.350000 
-0.000000 2.100000 -0.300000 
0.205725 1.950000 -0.283156 
-0.000000 1.950000 -0.350000 
0.176336 2.100000 -0.242705 
0.205725 1.950000 -0.283156 
-0.000000 2.100000 -0.300000 
-0.000000 2.250000 -0.250000 
0.176336 2.100000 -0.242705 
-0.000000 2.100000 -0.300000 
0.146946 2.250000 -0.202254 
0.176336 2.100000 -0.242705 
-0.000000 2.250000 -0.250000 
-0.000000 2.400000 -0.200000 
0.146946 2.250000 -0.202254 
-0.000000 2.250000 -0.250000 
0.117557 2.400000 -0.161803 
0.146946 2.250000 -0.202254 
-0.000000 2.400000 -0.200000 
-0.000000 2.550000 -0.150000 
0.117557 2.400000 -0.161803 
-0.000000 2.400000 -0.200000 
0.088168 2.550000 -0.121353 
0.117557 2.400000 -0.161803 
-0.000000 2.550000 -0.150000 
-0.000000 2.700000 -0.100000 
0.088168 2.550000 -0.121353 
-0.000000 2.550000 -0.150000 
0.058779 2.700000 -0.080902 
0.088168 2.550000 -0.121353 
-0.000000 2.700000 -0.100000 
-0.000000 2.850000 -0.050000 
0.058779 2.700000 -0.080902 
-0.000000 2.700000 -0.100000 
0.029389 2.850000 -0.040451 
0.058779 2.700000 -0.080902 
-0.000000 2.850000 -0.050000 
0.000000 3.000000 0.000000 
0.029389 2.850000 -0.040451 
-0.000000 2.850000 -0.050000 
0.000000 0.000000 0.000000 
-0.587785 0.000000 -0.809017 
-0.000000 0.000000 -1.000000 
-0.558396 0.150000 -0.768566 
-0.000000 0.000000 -1.000000 
-0.587785 0.000000 -0.809017 
-0.000000 0.150000 -0.950000 
-0.000000 0.000000 -1.000000 
-0.558396 0.150000 -0.768566 
-0.529007 0.300000 -0.728115 
-0.000000 0.150000 -0.950000 
-0.558396 0.150000 -0.768566 
-0.000000 0.300000 -0.900000 
-0.000000 0.150000 -0.950000 
-0.529007 0.300000 -0.728115 
-0.499618 0.450000 -0.687664 
-0.000000 0.300000 -0.900000 
-0.529007 0.300000 -0.728115 
-0.000000 0.450000 -0.850000 
-0.000000 0.300000 -0.900000 
-0.499618 0.450000 -0.687664 
-0.470228 0.600000 -0.647214 
-0.000000 0.450000 -0.850000 
-0.499618 0.450000 -0.687664 
-0.000000 0.600000 -0.800000 
-0.000000 0.450000 -0.850000 
-0.470228 0.600000 -0.647214 
-0.440839 0.750000 -0.606763 
-0.000000 0.600000 -0.800000 
-0.470228 0.600000 -0.647214 
-0.000000 0.750000 -0.750000 
-0.000000 0.600000 -0.800000 
-0.440839 0.750000 -0.606763 
-0.411450 0.900000 -0.566312 
-0.000000 0.750000 -0.750000 
-0.440839 0.750000 -0.606763 
-0.000000 0.900000 -0.700000 
-0.000000 0.750000 -0.750000 
-0.411450 0.900000 -0.566312 
-0.382060 1.050000 -0.525861 
-0.000000 0.900000 -0.700000 
-0.411450 0.900000 -0.566312 
-0.000000 1.050000 -0.650000 
-0.000000 0.900000 -0.700000 
-0.382060 1.050000 -0.525861 
-0.352671 1.200000 -0.485410 
-0.000000 1.050000 -0.650000 
-0.382060 1.050000 -0.525861 
-0.000000 1.200000 -0.600000 
-0.000000 1.050000 -0.650000 
-0.352671 1.200000 -0.485410 
-0.323282 1.350000 -0.444959 
-0.000000 1.200000 -0.600000 
-0.352671 1.200000 -0.485410 
-0.000000 1.350000 -0.550000 
-0.000000 1.200000 -0.600000 
-0.323282 1.350000 -0.444959 
-0.293893 1.500000 -0.404508 
-0.000000 1.350000 -0.550000 
-0.323282 1.350000 -0.444959 
-0.000000 1.500000 -0.500000 
-0.000000 1.350000 -0.550000 
-0.293893 1.500000 -0.404508 
-0.264503 1.650000 -0.364058 
-0.000000 1.500000 -0.500000 
-0.293893 1.500000 -0.404508 
-0.000000 1.650000 -0.450000 
-0.000000 1.500000 -0.500000 
-0.264503 1.650000 -0.364058 
-0.235114 1.800000 -0.323607 
-0.000000 1.650000 -0.450000 
-0.264503 1.650000 -0.364058 
-0.000000 1.800000 -0.400000 
-0.000000 1.650000 -0.450000 
-0.235114 1.800000 -0.323607 
-0.205725 1.950000 -0.283156 
-0.000000 1.800000 -0.400000 
-0.235114 1.800000 -0.323607 
-0.000000 1.950000 -0.350000 
-0.000000 1.800000 -0.400000 
-0.205725 1.950000 -0.283156 
-0.176336 2.100000 -0.242705 
-0.000000 1.950000 -0.350000 
-0.205725 1.950000 -0.283156 
-0.000000 2.100000 -0.300000 
-0.000000 1.950000 -0.350000 
-0.176336 2.100000 -0.242705 
-0.146946 2.250000 -0.202254 
-0.000000 2.100000 -0.300000 
-0.176336 2.100000 -0.242705 
-0.000000 2.250000 -0.250000 
-0.000000 2.100000 -0.300000 
-0.146946 2.250000 -0.202254 
-0.117557 2.400000 -0.161803 
-0.000000 2.250000 -0.250000 
-0.146946 2.250000 -0.202254 
-0.000000 2.400000 -0.200000 
-0.000000 2.250000 -0.250000 
-0.117557 2.400000 -0.161803 
-0.088168 2.550000 -0.121353 
-0.000000 2.400000 -0.200000 
-0.117557 2.400000 -0.161803 
-0.000000 2.550000 -0.150000 
-0.000000 2.400000 -0.200000 
-0.088168 2.550000 -0.121353 
-0.058779 2.700000 -0.080902 
-0.000000 2.550000 -0.150000 
-0.088168 2.550000 -0.121353 
-0.000000 2.700000 -0.100000 
-0.000000 2.550000 -0.150000 
-0.058779 2.700000 -0.080902 
-0.029389 2.850000 -0.040451 
-0.000000 2.700000 -0.100000 
-0.058779 2.700000 -0.080902 
-0.000000 2.850000 -0.050000 
-0.000000 2.700000 -0.100000 
-0.029389 2.850000 -0.040451 
0.000000 3.000000 0.000000 
-0.000000 2.850000 -0.050000 
-0.029389 2.850000 -0.040451 
0.000000 0.000000 0.000000 
-0.951056 0.000000 -0.309017 
-0.587785 0.000000 -0.809017 
-0.903504 0.150000 -0.293566 
-0.587785 0.000000 -0.809017 
-0.951056 0.000000 -0.309017 
-0.558396 0.150000 -0.768566 
-0.587785 0.000000 -0.809017 
-0.903504 0.150000 -0.293566 
-0.855951 0.300000 -0.278115 
-0.558396 0.150000 -0.768566 
-0.903504 0.150000 -0.293566 
-0.529007 0.300000 -0.728115 
-0.558396 0.150000 -0.768566 
-0.855951 0.300000 -0.278115 
-0.808398 0.450000 -0.262665 
-0.529007 0.300000 -0.728115 
-0.855951 0.300000 -0.278115 
-0.499618 0.450000 -0.687664 
-0.529007 0.300000 -0.728115 
-0.808398 0.450000 -0.262665 
-0.760845 0.600000 -0.247214 
-0.499618 0.450000 -0.687664 
-0.808398 0.450000 -0.262665 
-0.470228 0.600000 -0.647214 
-0.499618 0.450000 -0.687664 
-0.760845 0.600000 -0.247214 
-0.713292 0.750000 -0.231763 
-0.470228 0.600000 -0.647214 
-0.760845 0.600000 -0.247214 
-0.440839 0.750000 -0.606763 
-0.470228 0.600000 -0.647214 
-0.713292 0.750000 -0.231763 
-0.665740 0.900000 -0.216312 
-0.440839 0.750000 -0.606763 
-0.713292 0.750000 -0.231763 
-0.411450 0.900000 -0.566312 
-0.440839 0.750000 -0.606763 
-0.665740 0.900000 -0.216312 
-0.618187 1.050000 -0.200861 
-0.411450 0.900000 -0.566312 
-0.665740 0.900000 -0.216312 
-0.382060 1.050000 -0.525861 
-0.411450 0.900000 -0.566312 
-0.618187 1.050000 -0.200861 
-0.570634 1.200000 -0.185410 
-0.382060 1.050000 -0.525861 
-0.618187 1.050000 -0.200861 
-0.352671 1.200000 -0.485410 
-0.382060 1.050000 -0.525861 
-0.570634 1.200000 -0.185410 
-0.523081 1.350000 -0.169959 
-0.352671 1.200000 -0.485410 
-0.570634 1.200000 -0.185410 
-0.323282 1.350000 -0.444959 
-0.352671 1.200000 -0.485410 
-0.523081 1.350000 -0.169959 
-0.475528 1.500000 -0.154509 
-0.323282 1.350000 -0.444959 
-0.523081 1.350000 -0.169959 
-0.293893 1.500000 -0.404508 
-0.323282 1.350000 -0.444959 
-0.475528 1.500000 -0.154509 
-0.427975 1.650000 -0.139058 
-0.293893 1.500000 -0.404508 
-0.475528 1.500000 -0.154509 
-0.264503 1.650000 -0.364058 
-0.293893 1.500000 -0.404508 
-0.427975 1.650000 -0.139058 
-0.380423 1.800000 -0.123607 
-0.264503 1.650000 -0.364058 
-0.427975 1.650000 -0.139058 
-0.235114 1.800000 -0.323607 
-0.264503 1.650000 -0.364058 
-0.380423 1.800000 -0.123607 
-0.332870 1.950000 -0.108156 
-0.235114 1.800000 -0.323607 
-0.380423 1.800000 -0.123607 
-0.205725 1.950000 -0.283156 
-0.235114 1.800000 -0.323607 
-0.332870 1.950000 -0.108156 
-0.285317 2.100000 -0.092705 
-0.205725 1.950000 -0.283156 
-0.332870 1.950000 -0.108156 
-0.176336 2.100000 -0.242705 
-0.205725 1.950000 -0.283156 
-0.285317 2.100000 -0.092705 
-0.237764 2.250000 -0.077254 
-0.176336 2.100000 -0.242705 
-0.285317 2.100000 -0.092705 
-0.146946 2.250000 -0.202254 
-0.176336 2.100000 -0.242705 
-0.237764 2.250000 -0.077254 
-0.190211 2.400000 -0.061803 
-0.146946 2.250000 -0.202254 
-0.237764 2.250000 -0.077254 
-0.117557 2.400000 -0.161803 
-0.146946 2.250000 -0.202254 
-0.190211 2.400000 -0.061803 
-0.142658 2.550000 -0.046353 
-0.117557 2.400000 -0.161803 
-0.190211 2.400000 -0.061803 
-0.088168 2.550000 -0.121353 
-0.117557 2.400000 -0.161803 
-0.142658 2.550000 -0.046353 
-0.095106 2.700000 -0.030902 
-0.088168 2.550000 -0.121353 
-0.142658 2.550000 -0.046353 
-0.058779 2.700000 -0.080902 
-0.088168 2.550000 -0.121353 
-0.095106 2.700000 -0.030902 
-0.047553 2.850000 -0.015451 
-0.058779 2.700000 -0.080902 
-0.095106 2.700000 -0.030902 
-0.029389 2.850000 -0.040451 
-0.058779 2.700000 -0.080902 
-0.047553 2.850000 -0.015451 
0.000000 3.000000 0.000000 
-0.029389 2.850000 -0.040451 
-0.047553 2.850000 -0.015451 
0.000000 0.000000 0.000000 
-0.951056 0.000000 0.309017 
-0.951056 0.000000 -0.309017 
-0.903504 0.150000 0.293566 
-0.951056 0.000000 -0.309017 
-0.951056 0.000000 0.309017 
-0.903504 0.150000 -0.293566 
-0.951056 0.000000 -0.309017 
-0.903504 0.150000 0.293566 
-0.855951 0.300000 0.278115 
-0.903504 0.150000 -0.293566 
-0.903504 0.150000 0.293566 
-0.855951 0.300000 -0.278115 
-0.903504 0.150000 -0.293566 
-0.855951 0.300000 0.278115 
-0.808398 0.450000 0.262665 
-0.855951 0.300000 -0.278115 
-0.855951 0.300000 0.278115 
-0.808398 0.450000 -0.262665 
-0.855951 0.300000 -0.278115 
-0.808398 0.450000 0.262665 
-0.760845 0.600000 0.247214 
-0.808398 0.450000 -0.262665 
-0.808398 0.450000 0.262665 
-0.760845 0.600000 -0.247214 
-0.808398 0.450000 -0.262665 
-0.760845 0.600000 0.247214 
-0.713292 0.750000 0.231763 
-0.760845 0.600000 -0.247214 
-0.760845 0.600000 0.247214 
-0.713292 0.750000 -0.231763 
-0.760845 0.600000 -0.247214 
-0.713292 0.750000 0.231763 
-0.665740 0.900000 0.216312 
-0.713292 0.750000 -0.231763 
-0.713292 0.750000 0.231763 
-0.665740 0.900000 -0.216312 
-0.713292 0.750000 -0.231763 
-0.665740 0.900000 0.216312 
-0.618187 1.050000 0.200861 
-0.665740 0.900000 -0.216312 
-0.665740 0.900000 0.216312 
-0.618187 1.050000 -0.200861 
-0.665740 0.900000 -0.216312 
-0.618187 1.050000 0.200861 
-0.570634 1.200000 0.185410 
-0.618187 1.050000 -0.200861 
-0.618187 1.050000 0.200861 
-0.570634 1.200000 -0.185410 
-0.618187 1.050000 -0.200861 
-0.570634 1.200000 0.185410 
-0.523081 1.350000 0.169959 
-0.570634 1.200000 -0.185410 
-0.570634 1.200000 0.185410 
-0.523081 1.350000 -0.169959 
-0.570634 1.200000 -0.185410 
-0.523081 1.350000 0.169959 
-0.475528 1.500000 0.154509 
-0.523081 1.350000 -0.169959 
-0.523081 1.350000 0.169959 
-0.475528 1.500000 -0.154509 
-0.523081 1.350000 -0.169959 
-0.475528 1.500000 0.154509 
-0.427975 1.650000 0.139058 
-0.475528 1.500000 -0.154509 
-0.475528 1.500000 0.154509 
-0.427975 1.650000 -0.139058 
-0.475528 1.500000 -0.154509 
-0.427975 1.650000 0.139058 
-0.380423 1.800000 0.123607 
-0.427975 1.650000 -0.139058 
-0.427975 1.650000 0.139058 
-0.380423 1.800000 -0.123607 
-0.427975 1.650000 -0.139058 
-0.380423 1.800000 0.123607 
-0.332870 1.950000 0.108156 
-0.380423 1.800000 -0.123607 
-0.380423 1.800000 0.123607 
-0.332870 1.950000 -0.108156 
-0.380423 1.800000 -0.123607 
-0.332870 1.950000 0.108156 
-0.285317 2.100000 0.092705 
-0.332870 1.950000 -0.108156 
-0.332870 1.950000 0.108156 
-0.285317 2.100000 -0.092705 
-0.332870 1.950000 -0.108156 
-0.285317 2.100000 0.092705 
-0.237764 2.250000 0.077254 
-0.285317 2.100000 -0.092705 
-0.285317 2.100000 0.092705 
-0.237764 2.250000 -0.077254 
-0.285317 2.100000 -0.092705 
-0.237764 2.250000 0.077254 
-0.190211 2.400000 0.061803 
-0.237764 2.250000 -0.077254 
-0.237764 2.250000 0.077254 
-0.190211 2.400000 -0.061803 
-0.237764 2.250000 -0.077254 
-0.190211 2.400000 0.061803 
-0.142658 2.550000 0.046353 
-0.190211 2.400000 -0.061803 
-0.190211 2.400000 0.061803 
-0.142658 2.550000 -0.046353 
-0.190211 2.400000 -0.061803 
-0.142658 2.550000 0.046353 
-0.095106 2.700000 0.030902 
-0.142658 2.550000 -0.046353 
-0.142658 2.550000 0.046353 
-0.095106 2.700000 -0.030902 
-0.142658 2.550000 -0.046353 
-0.095106 2.700000 0.030902 
-0.047553 2.850000 0.015451 
-0.095106 2.700000 -0.030902 
-0.095106 2.700000 0.030902 
-0.047553 2.850000 -0.015451 
-0.095106 2.700000 -0.030902 
-0.047553 2.850000 0.015451 
0.000000 3.000000 0.000000 
-0.047553 2.850000 -0.015451 
-0.047553 2.850000 0.015451 
0.000000 0.000000 0.000000 
-0.587785 0.000000 0.809017 
-0.951056 0.000000 0.309017 
-0.558396 0.150000 0.768566 
-0.951056 0.000000 0.309017 
-0.587785 0.000000 0.809017 
-0.903504 0.150000 0.293566 
-0.951056 0.000000 0.309017 
-0.558396 0.150000 0.768566 
-0.529006 0.300000 0.728116 
-0.903504 0.150000 0.293566 
-0.558396 0.150000 0.768566 
-0.855951 0.300000 0.278115 
-0.903504 0.150000 0.293566 
-0.529006 0.300000 0.728116 
-0.499617 0.450000 0.687665 
-0.855951 0.300000 0.278115 
-0.529006 0.300000 0.728116 
-0.808398 0.450000 0.262665 
-0.855951 0.300000 0.278115 
-0.499617 0.450000 0.687665 
-0.470228 0.600000 0.647214 
-0.808398 0.450000 0.262665 
-0.499617 0.450000 0.687665 
-0.760845 0.600000 0.247214 
-0.808398 0.450000 0.262665 
-0.470228 0.600000 0.647214 
-0.440839 0.750000 0.606763 
-0.760845 0.600000 0.247214 
-0.470228 0.600000 0.647214 
-0.713292 0.750000 0.231763 
-0.760845 0.600000 0.247214 
-0.440839 0.750000 0.606763 
-0.411449 0.900000 0.566312 
-0.713292 0.750000 0.231763 
-0.440839 0.750000 0.606763 
-0.665740 0.900000 0.216312 
-0.713292 0.750000 0.231763 
-0.411449 0.900000 0.566312 
-0.382060 1.050000 0.525861 
-0.665740 0.900000 0.216312 
-0.411449 0.900000 0.566312 
-0.618187 1.050000 0.200861 
-0.665740 0.900000 0.216312 
-0.382060 1.050000 0.525861 
-0.352671 1.200000 0.485410 
-0.618187 1.050000 0.200861 
-0.382060 1.050000 0.525861 
-0.570634 1.200000 0.185410 
-0.618187 1.050000 0.200861 
-0.352671 1.200000 0.485410 
-0.323282 1.350000 0.444959 
-0.570634 1.200000 0.185410 
-0.352671 1.200000 0.485410 
-0.523081 1.350000 0.169959 
-0.570634 1.200000 0.185410 
-0.323282 1.350000 0.444959 
-0.293892 1.500000 0.404509 
-0.523081 1.350000 0.169959 
-0.323282 1.350000 0.444959 
-0.475528 1.500000 0.154509 
-0.523081 1.350000 0.169959 
-0.293892 1.500000 0.404509 
-0.264503 1.650000 0.364058 
-0.475528 1.500000 0.154509 
-0.293892 1.500000 0.404509 
-0.427975 1.650000 0.139058 
-0.475528 1.500000 0.154509 
-0.264503 1.650000 0.364058 
-0.235114 1.800000 0.323607 
-0.427975 1.650000 0.139058 
-0.264503 1.650000 0.364058 
-0.380423 1.800000 0.123607 
-0.427975 1.650000 0.139058 
-0.235114 1.800000 0.323607 
-0.205725 1.950000 0.283156 
-0.380423 1.800000 0.123607 
-0.235114 1.800000 0.323607 
-0.332870 1.950000 0.108156 
-0.380423 1.800000 0.123607 
-0.205725 1.950000 0.283156 
-0.176335 2.100000 0.242705 
-0.332870 1.950000 0.108156 
-0.205725 1.950000 0.283156 
-0.285317 2.100000 0.092705 
-0.332870 1.950000 0.108156 
-0.176335 2.100000 0.242705 
-0.146946 2.250000 0.202254 
-0.285317 2.100000 0.092705 
-0.176335 2.100000 0.242705 
-0.237764 2.250000 0.077254 
-0.285317 2.100000 0.092705 
-0.146946 2.250000 0.202254 
-0.117557 2.400000 0.161803 
-0.237764 2.250000 0.077254 
-0.146946 2.250000 0.202254 
-0.190211 2.400000 0.061803 
-0.237764 2.250000 0.077254 
-0.117557 2.400000 0.161803 
-0.088168 2.550000 0.121353 
-0.190211 2.400000 0.061803 
-0.117557 2.400000 0.161803 
-0.142658 2.550000 0.046353 
-0.190211 2.400000 0.061803 
-0.088168 2.550000 0.121353 
-0.058778 2.700000 0.080902 
-0.142658 2.550000 0.046353 
-0.088168 2.550000 0.121353 
-0.095106 2.700000 0.030902 
-0.142658 2.550000 0.046353 
-0.058778 2.700000 0.080902 
-0.029389 2.850000 0.040451 
-0.095106 2.700000 0.030902 
-0.058778 2.700000 0.080902 
-0.047553 2.850000 0.015451 
-0.095106 2.700000 0.030902 
-0.029389 2.850000 0.040451 
0.000000 3.000000 0.000000 
-0.047553 2.850000 0.015451 
-0.029389 2.850000 0.040451 
0.000000 0.000000 0.000000 
0.000000 0.000000 1.000000 
-0.587785 0.000000 0.809017 
0.000000 0.150000 0.950000 
-0.587785 0.000000 0.809017 
0.000000 0.000000 1.000000 
-0.558396 0.150000 0.768566 
-0.587785 0.000000 0.809017 
0.000000 0.150000 0.950000 
0.000000 0.300000 0.900000 
-0.558396 0.150000 0.768566 
0.000000 0.150000 0.950000 
-0.529006 0.300000 0.728116 
-0.558396 0.150000 0.768566 
0.000000 0.300000 0.900000 
0.000000 0.450000 0.850000 
-0.529006 0.300000 0.728116 
0.000000 0.300000 0.900000 
-0.499617 0.450000 0.687665 
-0.529006 0.300000 0.728116 
0.000000 0.450000 0.850000 
0.000000 0.600000 0.800000 
-0.499617 0.450000 0.687665 
0.000000 0.450000 0.850000 
-0.470228 0.600000 0.647214 
-0.499617 0.450000 0.687665 
0.000000 0.600000 0.800000 
0.000000 0.750000 0.750000 
-0.470228 0.600000 0.647214 
0.000000 0.600000 0.800000 
-0.440839 0.750000 0.606763 
-0.470228 0.600000 0.647214 
0.000000 0.750000 0.750000 
0.000000 0.900000 0.700000 
-0.440839 0.750000 0.606763 
0.000000 0.750000 0.750000 
-0.411449 0.900000 0.566312 
-0.440839 0.750000 0.606763 
0.000000 0.900000 0.700000 
0.000000 1.050000 0.650000 
-0.411449 0.900000 0.566312 
0.000000 0.900000 0.700000 
-0.382060 1.050000 0.525861 
-0.411449 0.900000 0.566312 
0.000000 1.050000 0.650000 
0.000000 1.200000 0.600000 
-0.382060 1.050000 0.525861 
0.000000 1.050000 0.650000 
-0.352671 1.200000 0.485410 
-0.382060 1.050000 0.525861 
0.000000 1.200000 0.600000 
0.000000 1.350000 0.550000 
-0.352671 1.200000 0.485410 
0.000000 1.200000 0.600000 
-0.323282 1.350000 0.444959 
-0.352671 1.200000 0.485410 
0.000000 1.350000 0.550000 
0.000000 1.500000 0.500000 
-0.323282 1.350000 0.444959 
0.000000 1.350000 0.550000 
-0.293892 1.500000 0.404509 
-0.323282 1.350000 0.444959 
0.000000 1.500000 0.500000 
0.000000 1.650000 0.450000 
-0.293892 1.500000 0.404509 
0.000000 1.500000 0.500000 
-0.264503 1.650000 0.364058 
-0.293892 1.500000 0.404509 
0.000000 1.650000 0.450000 
0.000000 1.800000 0.400000 
-0.264503 1.650000 0.364058 
0.000000 1.650000 0.450000 
-0.235114 1.800000 0.323607 
-0.264503 1.650000 0.364058 
0.000000 1.800000 0.400000 
0.000000 1.950000 0.350000 
-0.235114 1.800000 0.323607 
0.000000 1.800000 0.400000 
-0.205725 1.950000 0.283156 
-0.235114 1.800000 0.323607 
0.000000 1.950000 0.350000 
0.000000 2.100000 0.300000 
-0.205725 1.950000 0.283156 
0.000000 1.950000 0.350000 
-0.176335 2.100000 0.242705 
-0.205725 1.950000 0.283156 
0.000000 2.100000 0.300000 
0.000000 2.250000 0.250000 
-0.176335 2.100000 0.242705 
0.000000 2.100000 0.300000 
-0.146946 2.250000 0.202254 
-0.176335 2.100000 0.242705 
0.000000 2.250000 0.250000 
0.000000 2.400000 0.200000 
-0.146946 2.250000 0.202254 
0.000000 2.250000 0.250000 
-0.117557 2.400000 0.161803 
-0.146946 2.250000 0.202254 
0.000000 2.400000 0.200000 
0.000000 2.550000 0.150000 
-0.117557 2.400000 0.161803 
0.000000 2.400000 0.200000 
-0.088168 2.550000 0.121353 
-0.117557 2.400000 0.161803 
0.000000 2.550000 0.150000 
0.000000 2.700000 0.100000 
-0.088168 2.550000 0.121353 
0.000000 2.550000 0.150000 
-0.058778 2.700000 0.080902 
-0.088168 2.550000 0.121353 
0.000000 2.700000 0.100000 
0.000000 2.850000 0.050000 
-0.058778 2.700000 0.080902 
0.000000 2.700000 0.100000 
-0.029389 2.850000 0.040451 
-0.058778 2.700000 0.080902 
0.000000 2.850000 0.050000 
0.000000 3.000000 0.000000 
-0.029389 2.850000 0.040451 
0.000000 2.850000 0.050000 
